0,0.49548963636363647
16,0.5053103636363635
32,0.51646890909090903
48,0.53051599999999999
64,0.54699563636363635
80,0.56821818181818184
96,0.59679890909090905
112,0.64067318181818178
128,0.7088107272727272
144,0.79354936363636375
160,0.87862254545454554
176,0.95971263636363624
192,1.0387036363636364
208,1.1143518181818182
224,1.1850445454545455
240,1.2534854545454546
242,1.2620899999999999
244,1.270908181818182
246,1.2803627272727274
248,1.2897581818181818
250,1.2991545454545455
252,1.3083363636363634
254,1.3190390909090908
