1,1.4044712500000003
17,1.5484224999999998
33,1.8164512500000001
49,2.1926687499999997
65,2.4947012500000003
81,2.8117474999999996
97,3.1314437499999999
113,3.4696850000000001
129,3.5738950000000003
145,3.9227337499999999
161,4.2194687499999999
177,4.4632137500000004
193,4.6588274999999992
209,4.8557649999999999
225,5.0469662500000005
241,5.2275675000000001
243,5.2500900000000001
245,5.2730462500000002
247,5.2960112500000003
249,5.3119062499999998
251,5.33221875
253,5.3547375000000006
255,5.3754962500000012
