1,1.3895787500000001
17,1.5372962500000003
33,1.6885650000000001
49,1.8482649999999996
65,2.0013087500000002
81,2.1534549999999997
97,2.30738625
113,2.4551050000000001
129,2.5974987499999997
145,2.7576424999999998
161,2.9075799999999998
177,3.0694887500000001
193,3.2172074999999998
209,3.3635950000000001
225,3.5077637500000001
241,3.6386299999999996
243,3.6563699999999995
245,3.6705700000000006
247,3.6843162500000002
249,3.6954099999999994
251,3.7104875000000002
253,3.7238000000000002
255,3.7375474999999998
