1,1.6834475000000002
17,1.8414700000000002
33,2.0228287500000004
49,2.2411600000000003
65,2.4528875000000001
81,2.7456100000000001
97,3.0559400000000001
113,3.3728699999999998
129,3.4710312499999998
145,3.7826799999999996
161,4.0723249999999993
177,4.34788
193,4.5829400000000007
209,4.8012699999999997
225,4.9733799999999988
241,5.1160000000000005
243,5.1331699999999998
245,5.1481387500000002
247,5.1622199999999996
249,5.1798299999999999
251,5.1939099999999998
253,5.2066800000000004
255,5.21944125
