0,0.62687772727272728
16,0.63958063636363638
32,0.65517045454545453
48,0.67477163636363635
64,0.69908327272727278
80,0.7321775454545455
96,0.78001063636363643
112,0.86598263636363626
128,1.0176272727272726
144,1.1898436363636362
160,1.3660109090909089
176,1.5396272727272728
192,1.7152790909090909
208,1.8887409090909089
224,2.0631781818181811
240,2.2347590909090909
242,2.256880909090909
244,2.278244545454545
246,2.3005818181818181
248,2.3208809090909091
250,2.3432772727272733
252,2.3640027272727271
254,2.3863390909090909
