0,2.0705675000000001
16,2.1844762500000003
32,2.2988249999999999
48,2.41669125
64,2.5319199999999999
80,2.6440700000000001
96,2.7584200000000001
112,2.8692499999999996
128,2.9778799999999999
144,3.0931100000000002
160,3.2048199999999993
176,3.3160900000000004
192,3.4229599999999998
208,3.5311499999999998
224,3.6305499999999999
240,3.7229100000000002
242,3.7325799999999996
244,3.7440199999999999
246,3.7572100000000002
248,3.7673299999999998
250,3.7769999999999997
252,3.7879999999999998
254,3.7959099999999997
