0,0.63319018181818187
16,0.64503545454545452
32,0.65856872727272719
48,0.67513999999999996
64,0.69659054545454546
80,0.72390245454545454
96,0.76186290909090915
112,0.82059872727272731
128,0.93926727272727284
144,1.1186963636363636
160,1.3056445454545456
176,1.4907536363636362
192,1.6782545454545457
208,1.8636672727272729
224,2.0475154545454544
240,2.2310263636363641
242,2.2543481818181816
244,2.2771500000000002
246,2.2997054545454545
248,2.3233663636363642
250,2.3442936363636369
252,2.3651927272727273
254,2.3876227272727273
