1,2.7239274999999998
17,2.97323
33,3.2358399999999996
49,3.4949050000000002
65,3.7579587499999998
81,4.0028237500000001
97,4.2095387500000001
113,4.389195
129,4.5404637499999998
145,4.6841887499999997
161,4.8132799999999998
177,4.9516799999999996
193,5.0865400000000003
209,5.2173962500000002
225,5.3438249999999998
241,5.4400887500000001
243,5.4498412500000004
245,5.4578287499999991
247,5.4622662500000008
249,5.4622662500000008
251,5.4693662500000002
253,5.4733499999999999
255,5.4831125000000007
