1,2.9673250000000002
17,3.2127349999999995
33,3.4643025000000005
49,3.7171899999999996
65,3.9599599999999997
81,4.1767799999999999
97,4.3584199999999997
113,4.5136700000000003
129,4.6500100000000009
145,4.7859100000000003
161,4.9152100000000001
177,5.0436299999999994
193,5.1680999999999999
209,5.2912400000000011
225,5.4038300000000001
241,5.4601300000000004
243,5.4671599999999998
245,5.4715600000000002
247,5.4750799999999984
249,5.4777199999999988
251,5.4812399999999997
253,5.4847600000000005
255,5.48827
