0,2.4625699999999999
16,2.6456887499999997
32,2.8393700000000002
48,3.0440562500000006
64,3.2144062500000001
80,3.423049999999999
96,3.6237787499999996
112,3.8258199999999993
128,3.8896500000000001
144,4.0978562500000004
160,4.2990200000000005
176,4.4948999999999995
192,4.6709750000000012
208,4.8422100000000006
224,4.9936299999999996
240,5.1234799999999989
242,5.1384500000000015
244,5.1520999999999999
246,5.1679399999999998
248,5.1802700000000002
250,5.1939099999999998
252,5.2080000000000002
254,5.2203237500000004
