0,2.4121275
16,2.6156912500000002
32,2.8174875000000004
48,3.0338562499999999
64,3.2157825000000009
80,3.4427512500000002
96,3.6661837499999996
112,3.8953562499999999
128,3.9642412500000002
144,4.1881149999999998
160,4.3859412499999992
176,4.5705150000000003
192,4.7405187500000006
208,4.9189125000000011
224,5.0937687500000006
240,5.2708399999999997
242,5.2929212499999991
244,5.3127887500000002
246,5.3331024999999999
248,5.3534137499999996
250,5.3741712500000007
252,5.3940387500000009
254,5.4130250000000002
