0,0.58813345454545463
16,0.59366727272727282
32,0.6006906363636364
48,0.61075472727272728
64,0.61966336363636365
80,0.63377118181818182
96,0.6510109090909092
112,0.67396663636363641
128,0.68150699999999997
144,0.71814500000000014
160,0.78114427272727271
176,0.94587836363636368
192,1.207938181818182
208,1.5025009090909089
224,1.8024163636363639
240,2.1069827272727273
242,2.1449890909090912
244,2.1838781818181818
246,2.2222481818181818
248,2.2605890909090913
250,2.298229090909091
252,2.3370272727272727
254,2.3759436363636364
