0,0.55900790909090914
16,0.56727336363636371
32,0.57666681818181798
48,0.5875247272727272
64,0.59792463636363635
80,0.61247263636363636
96,0.6296741818181818
112,0.65236527272727274
128,0.65995981818181804
144,0.69671081818181835
160,0.75816627272727288
176,0.91795027272727292
192,1.196071818181818
208,1.50719
224,1.8156572727272726
240,2.13632
242,2.1766718181818181
244,2.2163836363636364
246,2.2568545454545448
248,2.2969890909090909
250,2.3368854545454543
252,2.3774481818181816
254,2.4176745454545459
