0,2.4062275
16,2.6219174999999999
32,2.8230812499999995
48,3.0312899999999998
64,3.2077999999999998
80,3.4173299999999998
96,3.6215774999999999
112,3.8275800000000002
128,3.8909699999999998
144,4.1004987499999999
160,4.30518
176,4.5037087499999995
192,4.6819800000000003
208,4.8527699999999996
224,4.9989100000000004
240,5.1296499999999989
242,5.1432900000000004
244,5.1564999999999994
246,5.1723475000000008
248,5.1837900000000001
250,5.1969974999999993
252,5.2110799999999999
254,5.2247287500000006
