0,3.5379312499999997
16,3.6767787500000004
32,3.8391350000000002
48,3.9983900000000006
64,4.1509825000000005
80,4.2969299999999997
96,4.4291225000000001
112,4.55200125
128,4.6770925000000005
144,4.7964174999999996
160,4.9175212500000001
176,5.0403999999999991
192,5.1583975000000004
208,5.2781700000000003
224,5.3952799999999996
240,5.4875499999999997
242,5.4942062499999995
244,5.5044025000000003
246,5.5079525
248,5.5115024999999989
250,5.5172712499999994
252,5.5203774999999995
254,5.5186024999999992
