0,0.63233100000000009
16,0.64865672727272738
32,0.66817390909090912
48,0.69407418181818181
64,0.72598909090909103
80,0.77656218181818171
96,0.86141309090909102
112,1.0039570909090909
128,1.1610454545454545
144,1.3200681818181819
160,1.4784154545454546
176,1.6377454545454548
192,1.7996836363636364
208,1.9575699999999996
224,2.1189254545454541
240,2.2742036363636369
242,2.2927381818181818
244,2.3166445454545457
246,2.3350263636363637
248,2.3535318181818181
250,2.3761181818181818
252,2.39229
254,2.4145981818181816
