1,2.75897375
17,3.0167025000000005
33,3.2766499999999996
49,3.5428099999999993
65,3.8045325000000001
81,4.0525087500000003
97,4.2534574999999997
113,4.4255724999999995
129,4.5768412500000002
145,4.7187912499999998
161,4.8523199999999997
177,4.9933824999999992
193,5.1242387499999991
209,5.2533299999999992
225,5.3757649999999995
241,5.4835562500000012
243,5.4942062499999995
245,5.4906562500000007
247,5.4977562499999992
249,5.5115024999999989
251,5.5159399999999996
253,5.5217087500000011
255,5.5186024999999992
