1,1.6935700000000002
17,1.8502749999999999
33,2.0316299999999998
49,2.2517225000000001
65,2.4621299999999997
81,2.7513300000000003
97,3.0607799999999994
113,3.3746312499999997
129,3.4719137500000001
145,3.7800400000000005
161,4.0683599999999993
177,4.3417199999999996
193,4.57677625
209,4.7977499999999997
225,4.9716199999999997
241,5.1133600000000001
243,5.1305299999999985
245,5.1472562499999999
247,5.1622199999999996
249,5.1763099999999991
251,5.1899499999999996
253,5.2040400000000009
255,5.2181200000000008
