0,0.60808781818181834
16,0.61916609090909092
32,0.63349718181818182
48,0.65071281818181814
64,0.67207118181818171
80,0.69818618181818193
96,0.73700590909090913
112,0.79755245454545465
128,0.91800090909090915
144,1.0966636363636364
160,1.2829063636363633
176,1.4681345454545456
192,1.6548072727272727
208,1.8400063636363639
224,2.0252063636363635
240,2.2075809090909093
242,2.2318863636363635
244,2.2536427272727271
246,2.2775790909090907
248,2.3006881818181815
250,2.3222609090909088
252,2.3457054545454552
254,2.3690890909090907
