1,3.0122662500000006
17,3.2291862500000001
33,3.4616337500000003
49,3.6994024999999997
65,3.9367274999999999
81,4.1634062499999995
97,4.3319712499999996
113,4.4774712500000007
129,4.6118874999999999
145,4.7440750000000005
161,4.8696162499999991
177,4.9920512499999994
193,5.12202
209,5.2391300000000003
225,5.3615649999999997
241,5.4440750000000007
243,5.4516162500000007
245,5.4573849999999995
247,5.4622662500000008
249,5.4658162499999987
251,5.4751250000000002
253,5.4720224999999996
255,5.4768999999999997
