0,3.4776024999999997
16,3.6244324999999997
32,3.7921150000000003
48,3.9531387499999999
64,4.1123950000000002
80,4.2601137499999995
96,4.3927449999999997
112,4.5222800000000003
128,4.641165
144,4.7640425000000004
160,4.8807099999999997
176,5.0080162499999998
192,5.1255699999999997
208,5.2391300000000003
224,5.3562399999999997
240,5.4560537499999997
242,5.4613787499999997
244,5.4631537500000009
246,5.4693662500000002
248,5.4733499999999999
250,5.47645625
252,5.4835562500000012
254,5.4840000000000009
