0,2.4456875
16,2.6390937499999998
32,2.8302912500000001
48,3.0387149999999998
64,3.2166650000000008
80,3.4370087499999995
96,3.6551449999999996
112,3.8803437500000006
128,3.9505524999999997
144,4.1704537500000001
160,4.3687162500000003
176,4.5519650000000009
192,4.7219725000000006
208,4.8963900000000002
224,5.0725787499999999
240,5.2487649999999997
242,5.2695162499999997
244,5.2920387499999997
246,5.3127887500000002
248,5.333545
250,5.3547375000000006
252,5.3763787500000015
254,5.3940387500000009
