0,2.0168300000000001
16,2.1339399999999995
32,2.2519374999999999
48,2.3628350000000005
64,2.4781700000000004
80,2.5912875000000004
96,2.7075125000000004
112,2.8299437499999995
128,2.9404075000000001
144,3.0566300000000002
160,3.1759587499999995
176,3.2908499999999994
192,3.4008600000000007
208,3.5108700000000002
224,3.6151212500000005
240,3.7096000000000009
242,3.7233562500000006
244,3.7304562499999996
246,3.7450900000000003
248,3.7557399999999999
250,3.7628400000000002
252,3.7792487500000003
254,3.7841300000000007
