344.000000000000000 657.000000000000000 1.000000000000000 
344.000000000000000 577.000000000000000 0.000000000000000 
376.000000000000000 961.000000000000000 0.000000000000000 
374.000000000000000 336.000000000000000 0.000000000000000 
385.000000000000000 272.000000000000000 0.000000000000000 
354.000000000000000 272.000000000000000 0.000000000000000 
354.000000000000000 384.000000000000000 0.000000000000000 
320.000000000000000 304.000000000000000 0.000000000000000 
310.000000000000000 352.000000000000000 0.000000000000000 
283.000000000000000 272.000000000000000 0.000000000000000 
281.000000000000000 112.000000000000000 0.000000000000000 
290.000000000000000 208.000000000000000 0.000000000000000 
286.000000000000000 208.000000000000000 0.000000000000000 
322.000000000000000 160.000000000000000 0.000000000000000 
353.000000000000000 112.000000000000000 0.000000000000000 
362.000000000000000 208.000000000000000 0.000000000000000 
358.000000000000000 208.000000000000000 0.000000000000000 
367.000000000000000 209.000000000000000 0.000000000000000 
366.000000000000000 161.000000000000000 0.000000000000000 
366.000000000000000 289.000000000000000 0.000000000000000 
383.000000000000000 112.000000000000000 0.000000000000000 
392.000000000000000 208.000000000000000 0.000000000000000 
388.000000000000000 208.000000000000000 0.000000000000000 
