13200,-0.049237661577441999
13083,-0.042226953927249997
12997,-0.013653476413833
12957,0.006741927561638
12856,0.057173709451949002
12821,0.086306042909499003
12735,0.15043171402155101
12642,0.22015016514434699
12556,0.29323169543670402
12452,0.36788992866380299
12357,0.44272433254462901
12266,0.51666728417935304
12161,0.58893551280642298
12008,0.69306497899142805
11851,0.79122122326408195
11688,0.88311990419060704
11457,0.99636884600117903
11235,1.100323122700043
10829,1.2427501966087851
10293,1.4157426019842401
9519,1.6686778917363421
8801,1.9015314471085401
8252,2.0653014098066209
7907,2.1789524027582492
