5332,0.046006557998614001
5251,0.113050505358177
5192,0.24869998578110999
5150,0.316711905782249
5082,0.45183103183663598
5049,0.51850217095490403
4972,0.649148930007722
4929,0.71281990625315605
4849,0.83623689997228001
4768,0.95379101371464803
4686,1.064934661625814
4593,1.1693273924203369
4491,1.2668045583762559
4401,1.3573486830713251
4299,1.441063420429112
4169,1.55429203045792
4101,1.653606631977103
3982,1.7402381916771801
3850,1.8383840394957061
3736,1.9197257663910929
3589,2.0170338537672441
3426,2.1141265853439419
3383,2.2239224948401648
3199,2.3064560752872301
