13037,-0.014101677038790001
12936,-0.013846521560047001
12923,-0.0046867548417309996
12929,0.0039707967470049999
12915,0.028786252756913999
12891,0.044671202459349003
12859,0.082696175012354003
12811,0.12811698759436599
12733,0.179804181493082
12647,0.236650339732035
12572,0.29758735833559402
12477,0.36160103077535599
12386,0.427743088160701
12262,0.52906040600239101
12102,0.63063268269380901
11951,0.73032422513403805
11723,0.85750694122454996
11499,0.97576010698498095
11123,1.1338515441301951
10579,1.310411889090944
9866,1.5438419172926201
9160,1.790983161000359
8655,2.0211951607688712
8308,2.1025670410022719
