9291,0.381037823159811
9168,0.42905140370251199
9030,0.53356929089292604
8978,0.589230987790061
8845,0.70545513485284606
8776,0.76533210155472697
8629,0.88708127878982701
8562,0.94840731292693303
8412,1.0707548019327791
8269,1.1913152768777751
8122,1.3086848371263879
7938,1.421725220259153
7767,1.529538592513205
7593,1.631443571860856
7420,1.726952463391751
7149,1.8575748221040871
7027,1.9726861242330229
6815,2.0724662321316938
6569,2.1828785435121971
6350,2.2698610951084688
6087,2.3638058601489771
5813,2.4404285145385618
5719,2.5103061686095791
5403,2.583205441871566
