5329,0.046006557998614001
5253,0.113050505358177
5188,0.24869998578110999
5155,0.316711905782249
5083,0.45183103183663598
5044,0.51850217095490403
4967,0.649148930007722
4928,0.71281990625315605
4847,0.83623689997228001
4768,0.95379101371464803
4679,1.064934661625814
4588,1.1693273924203369
4489,1.2668045583762559
4397,1.3573486830713251
4307,1.441063420429112
4163,1.55429203045792
4095,1.653606631977103
3985,1.7402381916771801
3856,1.8383840394957061
3730,1.9197257663910929
3591,2.0170338537672441
3428,2.1141265853439419
3377,2.2239224948401648
3203,2.3064560752872301
