14004,-0.033105434230857003
13860,-0.045415518636724002
13756,-0.049237661577441999
13716,-0.042226953927249997
13605,-0.013653476413833
13554,0.006741927561638
13431,0.057173709451949002
13390,0.086306042909499003
13290,0.15043171402155101
13161,0.22015016514434699
13058,0.29323169543670402
12927,0.36788992866380299
12812,0.44272433254462901
12689,0.51666728417935304
12551,0.58893551280642298
12373,0.69306497899142805
12195,0.79122122326408195
11996,0.88311990419060704
11740,0.99636884600117903
11470,1.100323122700043
11055,1.2427501966087851
10505,1.4157426019842401
9755,1.6686778917363421
9053,1.9015314471085401
