9123,0.38229258622809398
9016,0.426881750547912
8887,0.52780405790389895
8816,0.58303408967799097
8688,0.70055042668251599
8618,0.76194821510503297
8470,0.88804420008384999
8389,0.95204187500627402
8247,1.0803964002396771
8096,1.2074802176980219
7935,1.3315270669438961
7758,1.4511173701625719
7582,1.565142199421492
7404,1.6727693376358539
7225,1.7734113809631169
6967,1.9105143918782119
6848,2.0306105301421971
6631,2.1339573741544622
6398,2.2472095102200882
6178,2.3353190628856821
5937,2.4289489999077269
5664,2.503860830992481
5583,2.572449936981656
5285,2.6452374548387012
