9299,0.381037823159811
9176,0.42905140370251199
9048,0.53356929089292604
8993,0.589230987790061
8855,0.70545513485284606
8782,0.76533210155472697
8641,0.88708127878982701
8565,0.94840731292693303
8425,1.0707548019327791
8285,1.1913152768777751
8116,1.3086848371263879
7956,1.421725220259153
7787,1.529538592513205
7615,1.631443571860856
7437,1.726952463391751
7162,1.8575748221040871
7050,1.9726861242330229
6825,2.0724662321316938
6576,2.1828785435121971
6362,2.2698610951084688
6106,2.3638058601489771
5819,2.4404285145385618
5729,2.5103061686095791
5421,2.583205441871566
