9304,0.381037823159811
9169,0.42905140370251199
9045,0.53356929089292604
8981,0.589230987790061
8855,0.70545513485284606
8779,0.76533210155472697
8647,0.88708127878982701
8567,0.94840731292693303
8416,1.0707548019327791
8290,1.1913152768777751
8113,1.3086848371263879
7948,1.421725220259153
7776,1.529538592513205
7612,1.631443571860856
7439,1.726952463391751
7165,1.8575748221040871
7041,1.9726861242330229
6834,2.0724662321316938
6566,2.1828785435121971
6370,2.2698610951084688
6105,2.3638058601489771
5817,2.4404285145385618
5740,2.5103061686095791
5416,2.583205441871566
