13937,-0.033105434230857003
13784,-0.045415518636724002
13699,-0.049237661577441999
13669,-0.042226953927249997
13548,-0.013653476413833
13516,0.006741927561638
13402,0.057173709451949002
13356,0.086306042909499003
13264,0.15043171402155101
13146,0.22015016514434699
13039,0.29323169543670402
12939,0.36788992866380299
12843,0.44272433254462901
12734,0.51666728417935304
12617,0.58893551280642298
12450,0.69306497899142805
12288,0.79122122326408195
12122,0.88311990419060704
11892,0.99636884600117903
11651,1.100323122700043
11290,1.2427501966087851
10779,1.4157426019842401
10082,1.6686778917363421
9406,1.9015314471085401
