6550,-0.042068508037902998
6487,-0.029356035346183001
6467,0.0096797308898459999
6457,0.034923613037753001
6414,0.094473273474524
6380,0.12793716114546699
6330,0.20039868901368599
6265,0.27814775366442102
6208,0.35907086752888201
6158,0.44145690760871198
6094,0.52394586207591398
6038,0.60548164728790399
5972,0.68526884162949797
5871,0.80046639456215496
5771,0.90929014638365502
5662,1.011250650203362
5506,1.1365863844116819
5347,1.2506369750335691
5099,1.403543773593811
4764,1.580542207003875
4408,1.817153166224234
4072,2.0131994560279698
3830,2.1480093711613102
3683,2.2573508510553419
