9436,0
9321,0.1
9216,0.19479098776339532
9063,0.30195940779826702
8908,0.41633795214962532
8799,0.49413909387094623
8674,0.61040858221645511
8604,0.68644119365585499
8504,0.79681698606280205
8380,0.90168057290251924
8250,1.0003554389340286
8111,1.0926375397993682
7929,1.206003018316494
7746,1.3091691730193822
7540,1.4033794648764595
7320,1.4899402885280217
7010,1.6079485657134032
6868,1.6972463641438948
6620,1.7948758538351872
6392,1.8959751955847997
6129,2.0046537118025256
5929,2.0970419060557317
5668,2.2024329591871106
5522,2.2740535593975388
