8157,-0.040311722710257999
8064,-0.027351874709143
8013,0.011785455326099
7974,0.036892001402435003
7908,0.095818265795484997
7890,0.128809180366381
7822,0.20003895233640101
7752,0.27622874969153
7684,0.35533280856162702
7613,0.43570956768549801
7542,0.5160683562385
7473,0.59542043316291804
7404,0.67303421041940403
7287,0.78511858431710901
7165,0.89115796414812998
7039,0.99080232337441099
6870,1.1139478497284929
6681,1.2269485249105021
6389,1.3804160401651331
5996,1.561423204053819
5547,1.807642387074091
5139,2.00987077111259
4872,2.1431486525421279
4678,2.2541839893826041
