11868,-0.011029361132223
11775,-0.010494257217607
11764,-6.5122407947999997e-05
11743,0.0095440990604719993
11689,0.036808798269599
11651,0.054158462143051998
11574,0.095516409205585004
11501,0.144714050980745
11409,0.20051772024758499
11318,0.26172513096627598
11230,0.32718188198061998
11144,0.39579535686316097
11041,0.46654615742083499
10896,0.57465424596688297
10749,0.682702801450358
10594,0.78839381585056001
10385,0.92260311328824096
10155,1.046542910779491
9796,1.2102757732034231
9277,1.3885602990261281
8648,1.61161663974893
8075,1.834576401001226
7659,2.0419233834173451
7354,2.1183083124158442
