9120,0.38229258622809398
9015,0.426881750547912
8884,0.52780405790389895
8816,0.58303408967799097
8687,0.70055042668251599
8613,0.76194821510503297
8460,0.88804420008384999
8392,0.95204187500627402
8239,1.0803964002396771
8084,1.2074802176980219
7919,1.3315270669438961
7753,1.4511173701625719
7581,1.565142199421492
7400,1.6727693376358539
7215,1.7734113809631169
6956,1.9105143918782119
6831,2.0306105301421971
6620,2.1339573741544622
6383,2.2472095102200882
6174,2.3353190628856821
5931,2.4289489999077269
5651,2.503860830992481
5571,2.572449936981656
5271,2.6452374548387012
