9401,0.0048817857222469997
9291,0.0029069846287380001
9226,0.0065083914537249999
9198,0.012094035931159
9141,0.030708132644957
9101,0.043633711756867997
9041,0.076356506184261999
8961,0.117617158461371
8901,0.16654065803880599
8818,0.22214810740595001
8761,0.28339648039477799
8686,0.349213590797396
8609,0.41852850063934999
8500,0.52678929738466396
8374,0.63728851110025198
8246,0.74710737938691396
8074,0.88831113327545697
7887,1.0196482475277859
7587,1.192808287261087
7147,1.3775230984094311
6575,1.598513228511584
6051,1.822260597720567
5662,2.0439278106826468
5417,2.1108875862197061
