5326,0.046006557998614001
5259,0.113050505358177
5192,0.24869998578110999
5153,0.316711905782249
5089,0.45183103183663598
5052,0.51850217095490403
4976,0.649148930007722
4931,0.71281990625315605
4854,0.83623689997228001
4769,0.95379101371464803
4682,1.064934661625814
4597,1.1693273924203369
4500,1.2668045583762559
4400,1.3573486830713251
4306,1.441063420429112
4162,1.55429203045792
4104,1.653606631977103
3989,1.7402381916771801
3858,1.8383840394957061
3741,1.9197257663910929
3604,2.0170338537672441
3439,2.1141265853439419
3391,2.2239224948401648
3207,2.3064560752872301
