7939,-0.025584240419297001
7848,-0.010662266490361
7804,0.031804077253128997
7787,0.058274867404635999
7732,0.119334385540322
7708,0.15310057855260301
7660,0.225322640576261
7601,0.30180423633940601
7535,0.38056288787972098
7478,0.46002947871967997
7416,0.53899191920754097
7355,0.61654350200045605
7285,0.69203576477851203
7190,0.80051498860056103
7090,0.90267541975504195
6972,0.99840703837219102
6831,1.1166369624523611
6681,1.225415092593181
6427,1.3743819578013641
6071,1.553202351201965
5648,1.8030882218910991
5247,2.012526648822119
4968,2.1510816119844032
4763,2.2679918003538488
