12066,-0.0290137923405
11915,-0.019610919918655999
11820,0.012238808255828
11782,0.033686956812276
11708,0.085410478368178
11668,0.114901115733853
11584,0.179414140728131
11471,0.24933649003306699
11385,0.32266995759307099
11299,0.39778595001077999
11198,0.47338043294978199
11084,0.54843225030106701
11000,0.62216469722049395
10867,0.729097231279909
10701,0.83062539799449997
10534,0.92622953079995596
10312,1.0444923925804701
10069,1.1530204527028021
9682,1.300536731015935
9117,1.4760440216896089
8354,1.7254155497311729
7656,1.9551256851220109
7193,2.1205557877814498
6871,2.2241108238724721
