9261,-0.052914185846300997
9151,-0.042478803050298997
9174,-0.0074684857852489999
9154,0.016074574015333999
9115,0.072927616348873001
9086,0.10541489566053
9015,0.176685987434365
8938,0.25424973512471899
8861,0.33594138249550098
8792,0.41996497614497302
8701,0.50485083789850405
8617,0.58941614482553595
8540,0.67272850735252898
8411,0.79383433197520303
8271,0.90889567720684405
8117,1.0169900796513309
7915,1.149706840087892
7684,1.269621993026012
7330,1.4276685938989959
6862,1.6046396359498769
6379,1.831380138024473
5929,2.019994358133701
5618,2.1571881403801689
5393,2.2565664423464491
