9986,-0.044450308004220999
9873,-0.033566730139207003
9785,0.0016074324614939999
9748,0.024872634285244999
9678,0.080478347795161997
9631,0.11201135865344999
9538,0.18075899813127799
9456,0.255051480282529
9364,0.33281980886909202
9289,0.41237112693188299
9197,0.49234293055035999
9115,0.57166076997340498
9021,0.64949931132869099
8888,0.76219512997067396
8763,0.86889437397172997
8626,0.96896224083932003
8444,1.0919100537695201
8246,1.2035101152099581
7937,1.352347890804686
7503,1.5233007874984921
7017,1.7518003993999149
6537,1.9480030641643229
6205,2.0901256298680342
5958,2.195950807180608
