9116,0.38229258622809398
8993,0.426881750547912
8877,0.52780405790389895
8811,0.58303408967799097
8679,0.70055042668251599
8601,0.76194821510503297
8463,0.88804420008384999
8385,0.95204187500627402
8238,1.0803964002396771
8089,1.2074802176980219
7922,1.3315270669438961
7746,1.4511173701625719
7571,1.565142199421492
7401,1.6727693376358539
7216,1.7734113809631169
6958,1.9105143918782119
6835,2.0306105301421971
6624,2.1339573741544622
6386,2.2472095102200882
6170,2.3353190628856821
5927,2.4289489999077269
5661,2.503860830992481
5572,2.572449936981656
5276,2.6452374548387012
