10269,-0.011257514977754001
10153,-0.0073036515292530003
10096,0.012377519640307
10063,0.027441811499356001
9991,0.066482282688380995
9949,0.089891232835712001
9879,0.143180760154095
9831,0.20352470236397299
9762,0.26922303634050099
9680,0.33877997465752802
9616,0.410890704279952
9535,0.48442832714807699
9466,0.55843102206946404
9349,0.66857529139824101
9236,0.77582477550195805
9112,0.87864524776682096
8950,1.007182287476184
8779,1.1249384034450489
8494,1.2813816025024971
8102,1.457174298707915
7536,1.6896562470749721
6979,1.91457697347082
6592,2.1019049844465929
6322,2.187634785418461
