345,19,0.0068123701276878966
311,18,0.038397770139829278
311,19,0.032428572741499122
311,20,0.02774100632448739
311,21,0.031500546195175408
311,22,-0.011295237974546683
311,23,-0.12069622293077178
311,17,0.0265341547054
325,34,0
325,50,0
325,66,0.035035800260480081
325,82,0.053864062965594511
325,98,0.05826488549145363
325,114,0.052321139232947726
325,130,0.041453549064069881
325,146,0.014177604320308311
325,162,0.044557290882505936
325,178,0.023717165662090787
325,194,0.035432078536217319
325,210,0.031971242782720059
325,35,0
325,51,0
325,67,0.042444172310872101
325,83,0.016589049780572133
325,99,0.05140273619946293
325,115,0.055918558766164139
325,131,0.03759820724084529
325,147,0.024549888091534262
325,163,0.043743784279409191
325,179,0.043629574402429351
325,195,0.01263736134471102
325,211,0.03681866085333034
325,36,0.018798853004847956
325,52,0.015048004219804758
325,68,0.018797355626054592
325,84,0.045971985182584635
325,100,0.024368640497926919
325,116,0.039737079238828764
325,132,-0.010504300939416721
325,148,0.038442679938111575
325,164,0.026964448876977354
325,180,0.0080240993350141569
325,196,0.0021211640317859311
325,212,0.031694456321624223
325,37,0.045747300926466998
325,53,0.016406573374671628
325,69,0.057553282399425129
325,85,0.0073751776093093401
325,101,0.043907377881202449
325,117,0.018646601332049161
325,133,-0.0019589712917175914
325,149,0.038096284349710935
325,165,0.036832704387546288
325,181,0.035419701388433977
325,197,0.033732118858784223
325,213,0.033620518760714126
325,38,0.01932516253148326
325,54,0.022422001056350557
325,70,0.05119214321349827
325,86,0.030129910566703194
325,102,0.015891666659402112
325,118,0.047152256921487508
325,134,0.030904246690429977
325,150,0.0051429234475482821
325,166,0.0046296259366035326
325,182,0.012221835844757232
325,198,0.036152314415087448
325,214,0.026863923965758148
325,39,0.054596112605890514
325,55,0.022088789629169828
325,71,0.031680375585892248
325,87,0.016867917945006375
325,103,0.040473367397970597
325,119,0.027671631392136242
325,135,0.03035171084901973
325,151,0.051436767013285874
325,167,0.0056541391581607968
325,183,0.01013389688188669
325,199,-0.0012224318970469289
325,215,0.038905099102479065
325,40,0.037614321680464052
325,56,0.0046252505808168417
325,72,0.0098159757851635134
325,88,0.051921347677948565
325,104,0.019236165829956377
325,120,0.0065399612549420349
325,136,0.038824771726644912
325,152,-0.0069574192109285353
325,168,0.017881799609192131
325,184,-0.00095888246517475395
325,200,0.044089049433468128
325,216,0.03905179349625431
325,41,0.050103366878963738
325,57,0.034624094828709991
325,73,0.035372323432275685
325,89,0.024558448741101184
325,105,0.02350782735148893
325,121,0.015500175063598253
325,137,0.018119944118147886
325,153,0.020619846018266292
325,169,0.03054289620493222
325,185,-0.022031615005628179
325,201,0.041737357423051943
325,217,0.014439504191157013
325,18,0
325,19,0
325,20,0.035017417017161982
325,21,-0.0010960238162083854
325,22,-0.0086620696644788778
325,23,0.019880478198668471
325,24,0.01611351824774164
325,25,0.035695081826244895
324,18,0
324,19,0
324,20,0.027877795365282853
324,21,0.039423040243858148
324,22,0.036255550397974887
324,23,0.027671048837391219
324,24,0.042666604042736173
324,25,0.040944650799919151
