339,129,0.018061179559414425
339,145,-0.0028254217885595617
339,161,-0.020037769104750542
339,177,-0.022910467650617227
339,193,0.011674675129996426
339,209,-0.013444299824875076
339,33,-0.022536627942793996
339,49,-0.01408442096327501
339,65,-0.0044399134588494924
339,81,-0.024322499820790849
339,97,-0.019074322703602743
339,113,0.018852100928351732
338,129,-0.020285859214079296
338,145,-0.0031579735186529961
338,161,0.012503821106176694
338,177,0.0067373259600302018
338,193,-0.024714981007503724
338,209,-0.012906505347065488
338,33,-0.0054849920850633662
338,49,-0.015920928973741127
338,65,-0.0070435138201869682
338,81,-0.0082257723549642569
338,97,-0.0098640194352457543
338,113,-0.028152325685969242
337,129,-0.0062067662813252156
337,145,-0.019039475237476299
337,161,-0.0047318899763585803
337,177,-0.0068006686783652357
337,193,-0.028317296843503714
337,209,-0.010059646865328346
337,33,0.013317622914446443
337,49,-0.025620262170958433
337,65,-0.0041755676370351293
337,81,-0.0027568023868784612
337,97,-0.0075503901954629641
337,113,-0.028628112193079158
336,129,-0.021066694337711616
336,145,-0.02285995937748005
336,161,-0.016547674059357472
336,177,-0.0117518273262528
336,193,-0.040763144814790098
336,209,-0.0046714572800199174
336,33,0.0130273788528602
336,49,0.038224374973584885
336,65,-0.022380531735944911
336,81,0.0090489345118608139
336,97,-0.028661278366556797
336,113,0.0013838657585384304
335,129,-0.027497011632303767
335,145,-0.013835537812323627
335,161,-0.013860283329608316
335,177,-0.027664936108556481
335,193,0.0054579445410006385
335,209,-0.019248794876393128
335,33,-0.0062785766111021716
335,49,-0.028280518634998773
335,65,-0.021255852283066888
335,81,-0.018944434662552426
335,97,-0.020987766423101278
335,113,-0.027739175922107
334,129,-0.034227999809865087
334,145,-0.005752193176943898
334,161,-0.0099779412761439763
334,177,-0.0041620083290744266
334,193,-0.023481111649312623
334,209,0.027941997933315421
334,33,-0.02876467094548189
334,49,-0.028361921954082884
334,65,-0.031211352128341648
334,81,-0.020848755281826684
334,97,-0.0011060865130288887
334,113,-0.028579155657536628
333,129,-0.015786603434443061
333,145,-0.02148142557115371
333,161,0.0045375201693905387
333,177,-0.021561660810547396
333,193,-0.018616000313934691
333,209,-0.028753282060183145
333,33,-0.028841233038044964
333,49,-0.021307272790185343
333,65,-0.0069555217566983395
333,81,-0.027162988595445026
333,97,-0.016282209646531192
333,113,-0.024364411227724415
332,129,-0.027762440914351559
332,145,-0.012350994330347115
332,161,-0.026356459284110869
332,177,-0.013551030659800402
332,193,-0.015128071749396973
332,209,-0.0093479353858859741
332,33,-0.028266090083517773
332,49,-0.0136946875383932
332,65,0.011588954554482021
332,81,-0.0037897836576824061
332,97,-0.016415941453341569
332,113,-0.028514679767558438
331,129,-0.011445967697619443
331,145,-0.0081736651753185324
331,161,-0.018622044694669781
331,177,-0.011206463189533417
331,193,-0.036761482031305387
331,209,0.015785194550197952
331,33,-0.016327974060827866
331,49,-0.021561674665746884
331,65,-0.0054770855121545857
331,81,-0.012743304366052199
331,97,-0.028073618424973926
331,113,-0.0077493296086079437
330,129,-0.019072585913168356
330,145,-0.021325492965883833
330,161,-0.028142489479492768
330,177,-0.0016071081975823794
330,193,-0.028164296532790262
330,209,-0.015954975259798155
330,33,-0.016013155204493184
330,49,-0.025751387222447769
330,65,0.002199055835145933
330,81,-0.027724751794632879
330,97,-0.011777822566448789
330,113,-0.024955879168377593
329,129,-0.022849709419799628
329,145,-0.028597851109955327
329,161,-0.01604381446442987
329,177,-0.0031628222778321414
329,193,-0.0083061131504125196
329,209,-0.026253072660476981
329,33,-0.02613146163851213
329,49,-0.023673034056179709
329,65,-0.033441160652078153
329,81,-0.02467530136308782
329,97,-0.009237518144011244
329,113,-0.015193702668619661
328,129,0.0016600662155764618
328,145,-0.024173149191837908
328,161,-0.02448815460849638
328,177,-0.0081470528337130744
328,193,-0.028688642833064062
328,209,-0.010907313586665033
328,33,-0.025260693629962753
328,49,-0.027691920603617321
328,65,-0.027761651924897227
328,81,0.010723709435747403
328,97,-0.020425996473114556
328,113,-0.029715318341224203
327,129,-0.012735690981727369
327,145,0.0010581452219199374
327,161,-0.028538470520397409
327,177,-0.0050684375080346693
327,193,-0.013645783355221309
327,209,-0.01287330835011773
327,33,-0.028578289220927807
327,49,0.017658940101580218
327,65,-0.0262125599994972
327,81,-0.02813533808103005
327,97,0.0039870408396571883
327,113,-0.01986652226090032
326,129,-0.027460538561608214
326,145,-0.022674286009235708
326,161,-0.034660258942760293
326,177,-0.01553558891689112
326,193,-0.028201492469720903
326,209,-0.026341794229231368
326,33,-0.025688388846716481
326,49,0.015584753422706266
326,65,-0.025547284453692476
326,81,-0.034214875951542566
326,97,0.0045425163881302162
326,113,-0.022358138311941823
325,129,-0.015448796355779299
325,145,8.3007571132826173e-05
325,161,-0.017185793982430517
325,177,-0.028385856952408559
325,193,-0.028306802552468844
325,209,-0.012011052108644964
325,33,-0.0040510101128403307
325,49,0.00010420277687229737
325,65,-0.028159633811085476
325,81,-0.028087602032841517
325,97,-0.014355865536898556
325,113,-0.004197396802683633
324,129,-0.00255500721963911
324,145,0.0035270687669656867
324,161,-0.01095232957248205
324,177,-0.027871686733610627
324,193,-0.028667722158620866
324,209,0.00020183689848142925
324,33,-0.026117644376257375
324,49,-0.010627028792308002
324,65,-0.024794943198902453
324,81,-0.015696990268829068
324,97,-0.01545218035593823
324,113,-0.033877228316693569
323,129,-0.0092201852214661532
323,145,-0.012115162250132941
323,161,-0.028089292214170832
323,177,0.0071094054322247543
323,193,0.007470650258510742
323,209,-0.027966055427504164
323,33,-0.012957739301096772
323,49,-0.016667803019165799
323,65,-0.018253111271009915
323,81,-0.013206602703165588
323,97,0.0070525974705523348
323,113,0.013268706347700013
322,129,-0.013560565705859944
322,145,0.013900547881346257
322,161,-0.034009336763396715
322,177,-0.0077278876977125779
322,193,-0.034797693185889468
322,209,-0.026575296873282916
322,33,-0.028159100979469286
322,49,-0.017442260667514028
322,65,-0.028448526119210008
322,81,0.01895328900412763
322,97,0.015487724220378836
322,113,-0.028603410289761842
321,129,-0.014686815153332934
321,145,-0.027651498356883911
321,161,0.0033902013738213001
321,177,-0.0121335626251262
321,193,-0.017114615824523491
321,209,-0.028437218735052106
321,33,-0.012879134657046848
321,49,0.0085922091651104999
321,65,-0.016936391984645027
321,81,-0.014706939852037184
321,97,-0.0076807115749974921
321,113,-0.027930557681299661
320,129,-0.0011743063398625328
320,145,-0.015263263488994974
320,161,-0.007664784857970358
320,177,-0.028322598278624243
320,193,-0.028129892137619704
320,209,-0.015716107712364685
320,33,-0.017557761532388333
320,49,-0.02371708021165491
320,65,-0.0136238768373294
320,81,-0.028290960805824706
320,97,-0.013066559875625621
320,113,-0.028198204733179816
319,129,-0.0099492515674924134
319,145,-0.014490642297853696
319,161,-0.023217374536452777
319,177,-0.011053188731499419
319,193,0.026706525897594174
319,209,0.012455361746535585
319,33,-0.0089965145560087743
319,49,-0.0024143253409850702
319,65,-0.025160804490581015
319,81,-0.01634522388776808
319,97,-0.028442285061751456
319,113,-0.013596127834544924
318,129,0.0051066606124939538
318,145,-0.032994369825594463
318,161,-0.020644260892837496
318,177,-0.021255375911153118
318,193,-0.023768612281240449
318,209,0.0012410602314704511
318,33,-0.0037416723753318148
318,49,-0.015695378566260743
318,65,-0.0044104285708374113
318,81,-0.030577891000630096
318,97,-0.02824996370506886
318,113,-0.027453375082098122
317,129,-0.0011454691717859512
317,145,-0.0095685173884106009
317,161,0.019260628564303016
317,177,-0.0022199157178326521
317,193,-0.011328595275146002
317,209,-0.0075152850142462275
317,33,-0.0096161681624155164
317,49,-0.027703251684244045
317,65,-0.022340922512237949
317,81,0.02110070180371287
317,97,-0.028494759827768001
317,113,0.012466428957788442
316,129,0.013505118630341158
316,145,0.0089432740723366395
316,161,-0.01017173054402358
316,177,-0.033261695045821216
316,193,0.0026501319488745146
316,209,0.0022347122457613698
316,33,-0.027995554627960259
316,49,0.021325241007443641
316,65,-0.013394938646790347
316,81,-0.013169187065982187
316,97,-0.018873147455377912
316,113,-0.027945261683233327
315,129,0.010097325671300297
315,145,-0.018742570733564376
315,161,-0.028452239565243401
315,177,-0.004948316881140437
315,193,-0.016844841526029442
315,209,0.00045122952927949722
315,33,-0.02300590477540275
315,49,0.0021160876970550699
315,65,-0.0014533041702758029
315,81,-0.0014996692809815411
315,97,0.00024049815582905077
315,113,-0.028487829836591282
314,129,-0.011998512050782064
314,145,-0.028219415184971921
314,161,-0.021272071518246487
314,177,-0.00092962051510118505
314,193,0.038511247997863332
314,209,-0.013709140944553973
314,33,0.0094068591754305122
314,49,0.0083715241616364663
314,65,-0.0274624747160294
314,81,-0.028460808991956042
314,97,0.0023685785571421259
314,113,-0.0025873288575608178
313,129,0.0061493641596287521
313,145,-0.03025792268493353
313,161,-0.017967726555810828
313,177,-0.01202454178900674
313,193,-0.014591080447938252
313,209,-0.036734528737815089
313,33,-0.023724756957243152
313,49,-0.013860690375487251
313,65,0.008819566083624204
313,81,-0.029190438205388722
313,97,0.019195931884072186
313,113,-0.042104603306559872
312,129,0.01442934499984774
312,145,-0.029604365555611235
312,161,-0.024837366637486098
312,177,-0.023177494128052891
312,193,0.0008800988617922908
312,209,-0.022362567772972117
312,33,-0.028228408790857324
312,49,-0.0091861117185667411
312,65,-0.028153648557734987
312,81,-0.0062376605915634804
312,97,0.020374501602494394
312,113,-0.0082724017443329915
339,17,-0.020784075798676378
338,17,0.0077773374756556126
337,17,-0.0035114914858397741
336,17,0.0096229065214577421
335,17,-0.008159259337707352
334,17,-0.028239113079526545
333,17,0.02806335331233769
332,17,-0.028101246782085525
331,17,-0.01219133142104189
330,17,-0.027666396651017677
329,17,0.030650488822184362
328,17,-0.011813177010143136
327,17,-0.00834525965235282
326,17,-0.0053023094623193502
325,17,-0.015622701350226531
324,17,0.0037048917721100938
323,17,0.032197934150001287
322,17,0.017462869922680473
321,17,0.038138639311822632
320,17,0.0008996702702350342
319,17,0.0072955197317277586
318,17,0.012992138936995041
317,17,-0.013591257030427897
316,17,-0.00032746004862237122
315,17,0.015678282112350853
314,17,0.00049630050619811064
313,17,0.0015219759454675327
312,17,-0.0081322979929956754
339,225,-0.0032303038805641176
338,225,-0.019296013601606009
337,225,-0.020167813450743817
336,225,-0.01988240480682751
335,225,-0.025655162761784991
334,225,-0.010617461554707759
333,225,-0.013992466434456291
332,225,-0.016611595486535943
331,225,0.0079342060818881396
330,225,-0.015725962697130995
329,225,-0.02810730014344124
328,225,-0.026144712117194508
327,225,0.0017444697311031195
326,225,0.0043617136561583305
325,225,-0.010589576561531928
324,225,-0.017366779448189991
323,225,-0.016337714128682207
322,225,0.013886689710742582
321,225,0.011106050348544031
320,225,-0.0053037707831182727
319,225,-0.033202275391220192
318,225,0.0065095456437563757
317,225,-0.0062004047082270652
316,225,0.0090998138044867168
315,225,-0.0083422737771377681
314,225,-0.026151891015007547
313,225,-0.014463940299559063
312,225,0.010406027098189965
327,305,0.08
361,305,0.08
327,306,0.107
