339,129,-0.028371818618702183
339,145,-0.021919641034422947
339,161,-0.030749070526650754
339,177,-0.029369197324198924
339,193,-0.029218164773477082
339,209,-0.023537062141050169
339,33,-0.01026059509961528
339,49,-0.010911702743286214
339,65,-0.033778779958053368
339,81,-0.060665147124452208
339,97,-0.012570163853552455
339,113,0.00359220207332439
338,129,-0.026584513208822168
338,145,-0.0062794812029875417
338,161,-0.012239838487502507
338,177,-0.034426160186973517
338,193,-0.051276182418836733
338,209,-0.014166251246487099
338,33,-0.025916004936607378
338,49,-0.029015305521826556
338,65,-0.0084165146241866624
338,81,-0.019202044233073621
338,97,-0.02762173325333718
338,113,0.016833693901635634
337,129,-0.020428899223239285
337,145,-0.011604781636836098
337,161,-0.027774637567883783
337,177,-0.013467584863263026
337,193,-0.034572109356349454
337,209,-0.012936733693897303
337,33,-0.028220578031978916
337,49,-0.01751510233624106
337,65,0.0026260823894467831
337,81,-0.018610511916594508
337,97,-0.021484467552190321
337,113,-0.0026111622186845173
336,129,-0.032123404833259206
336,145,-0.024222656698105367
336,161,-0.007606209262902318
336,177,-0.044019730731815657
336,193,-0.017943891170273899
336,209,-0.022140820628726101
336,33,-0.010222335219249926
336,49,-0.026691366521296628
336,65,-0.02492762305318643
336,81,-0.018205350546908212
336,97,-0.019991537234391461
336,113,-0.033662554691023396
335,129,-0.033712697194669065
335,145,-0.035987371402364611
335,161,-0.020622051893178298
335,177,-0.029260002852297295
335,193,-0.024911111783597114
335,209,-0.039978775701759117
335,33,-0.026995216329465888
335,49,-0.030359364229156797
335,65,-0.030470346897291931
335,81,-0.030622540713098438
335,97,-0.038913229460450532
335,113,-0.018745505183406709
334,129,-0.014751297826879848
334,145,-0.02931270228369115
334,161,-0.017414489831493483
334,177,-0.030175827478193636
334,193,-0.014896367783798818
334,209,-0.030809637243068625
334,33,-0.0027907887477894486
334,49,-0.035323001300367862
334,65,-0.04566334973410139
334,81,0.00054627499824601669
334,97,-0.019712999598655974
334,113,-0.018031955786747461
333,129,0.00084579451055959739
333,145,-0.025796826758706801
333,161,-0.020527736715784048
333,177,-0.027611422062345327
333,193,-0.030696071945053326
333,209,-0.022271566782959738
333,33,-0.011739291955821043
333,49,-0.014777414577874974
333,65,0.0045385129634849296
333,81,-0.037553428422808614
333,97,-0.021485047473077491
333,113,-0.037512904545633101
332,129,-0.026079967228703153
332,145,-0.030930740737990049
332,161,-0.028998952639019981
332,177,-0.019902072326404514
332,193,-0.023074889178174116
332,209,-0.0095051118285920857
332,33,-0.020921223518557169
332,49,-0.024381944589838597
332,65,-0.016101330426480116
332,81,-0.02689460355339288
332,97,-0.024008727907192527
332,113,-0.030958035657092153
331,129,-0.0060578639602460868
331,145,-0.034441745340650032
331,161,-0.0242092782080124
331,177,-0.026209491857159109
331,193,-0.035594610374909179
331,209,-0.012560431201617709
331,33,-0.029790502107238513
331,49,-0.029449090451257084
331,65,-0.0091846791557589832
331,81,-0.02109118311983155
331,97,-0.0143382554926494
331,113,-0.028125299524483213
330,129,-0.014746176868944473
330,145,-0.009944868677506595
330,161,-0.018117852572015921
330,177,-0.0045245569429562139
330,193,-0.013065295731287702
330,209,-0.0095785824502258379
330,33,-0.033336429675196885
330,49,-0.016005058562420533
330,65,-0.031474831600489479
330,81,-0.021135911082040833
330,97,-0.01541080874711708
330,113,-0.012107358852050351
329,129,-0.019883712759517946
329,145,-0.030867926194904236
329,161,-0.017133907504194659
329,177,-0.031285677018740438
329,193,-0.041524639728211972
329,209,-0.016610346271803321
329,33,-0.024806039139411422
329,49,-0.020943268805412436
329,65,-0.011537596700413578
329,81,-0.035344361137168573
329,97,0.010927489143659021
329,113,-0.043954577550090898
328,129,-0.027903618226110601
328,145,-0.0282989560767836
328,161,-0.028415562675253452
328,177,-0.02198139015388114
328,193,-0.031729976902690762
328,209,-0.011300656898460956
328,33,-0.023550913377068907
328,49,-0.022560384882404052
328,65,-0.040623416235507255
328,81,-0.0065769607905780758
328,97,-0.018327872219323953
328,113,-0.0043468209335495705
327,129,-0.012418340799561021
327,145,-0.034522365857744167
327,161,-0.032575274091991159
327,177,-0.022443779399636571
327,193,-0.028131815031161019
327,209,-0.020209934992741187
327,33,-0.018546464860262957
327,49,-0.024279609497878531
327,65,-0.0034607477363284246
327,81,-0.038151614564405426
327,97,-0.012395917071962824
327,113,-0.017011369629501876
326,129,-0.019590794545247717
326,145,-0.014854475799660902
326,161,-0.036030846435150053
326,177,-0.01999908961654405
326,193,-0.032149587271989286
326,209,-0.023829097864278712
326,33,-0.015654055054416055
326,49,0.0012438303492694801
326,65,-0.040182810440263603
326,81,-0.026756386166432947
326,97,-0.012789777150350417
326,113,-0.016302383810383514
325,129,-0.0056531208470960654
325,145,-0.029179317052435563
325,161,-0.025574732556398475
325,177,-0.021951498831958297
325,193,-0.02568856741854195
325,209,-0.0050249291487322895
325,33,-0.016211951303483799
325,49,-0.0021035397546124023
325,65,-0.062266568655441237
325,81,-0.017063316847318072
325,97,-0.024611676641741739
325,113,-0.016711822346546164
324,129,-0.0029572514754960593
324,145,-0.020662476319537295
324,161,-0.026161841885955193
324,177,-0.015295218403021353
324,193,-0.02608742194890604
324,209,-0.038522968346470614
324,33,-0.0016231026754866349
324,49,-0.017015295366765007
324,65,-0.010536359522442086
324,81,-0.041446432472438247
324,97,0.0058845395511837742
324,113,-0.038625530968178702
323,129,-0.032882096989062602
323,145,-0.019680710870878738
323,161,0.0036669458374091572
323,177,-0.018205891955974229
323,193,-0.04723543349255175
323,209,-0.010324510777404695
323,33,-0.018319393805595365
323,49,-0.021775305659981647
323,65,-0.038284461703247188
323,81,-0.017685145607653448
323,97,-0.022622872385928691
323,113,-0.024540619970382184
322,129,-0.0008522749125311305
322,145,0.00033691213476553128
322,161,-0.016508170778825326
322,177,-0.018406703915721027
322,193,-0.031919958365531208
322,209,-0.01710104576132758
322,33,-0.010095275884194409
322,49,0.0027823446910057292
322,65,-0.02599750632915715
322,81,-0.02180923591651537
322,97,-0.028874858900999525
322,113,-0.023709783352231163
321,129,0.013326996818801361
321,145,-0.013381033007902911
321,161,-0.030962975266879494
321,177,-0.016058615896320908
321,193,-0.011632516439407952
321,209,-0.028145770669836929
321,33,-0.031682249301530303
321,49,-0.031664938732316357
321,65,-0.033204894772251137
321,81,0.010091434552712577
321,97,-0.029149366449269392
321,113,-0.02501960060981186
320,129,-0.046452506136708753
320,145,-0.019562289734104656
320,161,-0.032867598164992406
320,177,-0.029526390344170862
320,193,-0.032880928796744355
320,209,-0.034468363047466491
320,33,-0.0036895713482284175
320,49,-0.036873576284536615
320,65,-0.026405868937524196
320,81,-0.01564309583769968
320,97,-0.031293892893021868
320,113,-0.038607024040685695
319,129,-0.006519687271585169
319,145,-0.031227119313959259
319,161,0.0017235637355930463
319,177,-0.023147969607202775
319,193,-0.022220086643815105
319,209,-0.027712291572092741
319,33,-0.022926542735742489
319,49,-0.020702219857728986
319,65,-0.013547808445055442
319,81,-0.01666465428742037
319,97,-0.020618091268054903
319,113,-0.041310099268488894
318,129,-0.014765885630719698
318,145,-0.02138545953648921
318,161,-0.0043455289042744231
318,177,-0.016973359768099744
318,193,-0.024649411381819371
318,209,-0.022485793104468951
318,33,-0.020911197486629642
318,49,-0.022758012350823226
318,65,-0.020250865000952814
318,81,-0.027494852192065052
318,97,-0.031390650430754584
318,113,-0.03252500625968676
317,129,-0.0031932521171859863
317,145,-0.019525252563480585
317,161,-0.022766820537005239
317,177,-0.028685509172173967
317,193,-0.021414155700587599
317,209,-0.0095886516106808688
317,33,-0.025646421490048005
317,49,-0.012661565636576848
317,65,-0.032687833070480531
317,81,-0.028257342453636258
317,97,-0.020471258134932988
317,113,-0.024536288699145727
316,129,-0.031390967107280336
316,145,-0.023411320761848438
316,161,-0.034898853061647639
316,177,-0.013858779216588922
316,193,-0.026687630667709124
316,209,-0.008676330704046338
316,33,-0.0304670846103446
316,49,-0.00036191569681359964
316,65,-0.014950970187205485
316,81,-0.019521917236034501
316,97,-0.033778190618655543
316,113,-0.004484743957582092
315,129,-0.016313183245878046
315,145,-0.024939171623841714
315,161,-0.041351189944198473
315,177,-0.019121145679788919
315,193,-0.033204515735157605
315,209,-0.019171444681383067
315,33,-0.0010123059556737309
315,49,-0.00055964567742527007
315,65,-0.035160155089894618
315,81,-0.013881251080787927
315,97,-0.0066569585377479115
315,113,-0.032048315555571978
314,129,-0.018898591354982792
314,145,-0.045035391514689806
314,161,-0.010760262426494735
314,177,-0.018244129973731066
314,193,-0.037482275025663397
314,209,-0.029091754804159171
314,33,-0.018729553692079709
314,49,-0.0095021544954556579
314,65,-0.013235288960011388
314,81,-0.022087114442981563
314,97,-0.020878913704839575
314,113,-0.033496133791122901
313,129,-0.036667888096001626
313,145,-0.0096304866719812629
313,161,-0.010041583867901854
313,177,-0.0077842243072697818
313,193,-0.009032976087718525
313,209,-0.017034259415867014
313,33,-0.0059156143168865001
313,49,0.0022563849219311423
313,65,-0.013377903425585719
313,81,0.002239791950378575
313,97,-0.028473901454211303
313,113,0.0072765255617075275
312,129,-0.022687580095225465
312,145,-0.017942194970390121
312,161,-0.011772220824388779
312,177,-0.015721855080661349
312,193,-0.025307158434336112
312,209,-0.022324795007845285
312,33,0.0090413155427227984
312,49,-0.042662551283699106
312,65,-0.015295985197774586
312,81,-0.021763917394610775
312,97,-0.031713193278244269
312,113,-0.027241907328058371
339,17,-0.0042020462740316152
338,17,0.0016908044297285177
337,17,-0.020690691085466298
336,17,-0.015725350650853568
335,17,-0.014525069788068185
334,17,-0.014356895349521684
333,17,-0.0052400862394751668
332,17,-0.011824012617894562
331,17,-0.022395642751765119
330,17,-0.0092826192577806395
329,17,-0.030215018333716356
328,17,-0.018944989545131456
327,17,0.0073675655003409644
326,17,0.01607855162022645
325,17,0.0029894686979036909
324,17,-0.02347769075563997
323,17,-0.0048283533763093375
322,17,0.00617217573105917
321,17,-0.0096001756116785211
320,17,-0.0089949525864153734
319,17,-0.0025815524405967236
318,17,-0.020221690931164965
317,17,-0.01398114127633936
316,17,-0.025936848374497036
315,17,0.0025365485286310543
314,17,-0.006880997685355026
313,17,0.0024596980607000511
312,17,0.0063479921020967861
339,225,-0.014354349795406745
338,225,-0.022071587306577049
337,225,-0.018473763134879948
336,225,-0.013893678257148278
335,225,-0.02011774151381374
334,225,-0.012840579407248757
333,225,-0.00033230927964550665
332,225,-0.030889503738833004
331,225,-0.0074461206612107889
330,225,-0.0003727626190894911
329,225,-0.023505062890052535
328,225,-0.025612472135703189
327,225,-0.019793426686252093
326,225,-0.022027883049227433
325,225,-0.011751732356071323
324,225,-0.0021643562515396182
323,225,-0.011763254506837937
322,225,-0.0063854570367442489
321,225,0.010206263502931677
320,225,-0.0022986467522205767
319,225,-0.019404703197482911
318,225,-0.022054692808256379
317,225,-0.01807138904791741
316,225,-0.018073402368999111
315,225,-0.00034309352506675585
314,225,0.00023146589173415864
313,225,-0.017762931969171874
312,225,-0.0067684575086097631
