339,129,-0.028075309075133663
339,145,-0.022472704505030045
339,161,-0.032254963890567104
339,177,-0.030051483877304913
339,193,-0.030557130415394804
339,209,-0.024873261003450817
339,33,-0.011433537133623242
339,49,-0.011392982724296313
339,65,-0.034052524267971271
339,81,-0.061878643528717706
339,97,-0.013583783435810006
339,113,0.0027955221744672713
338,129,-0.027238661394803548
338,145,-0.0065750414369936065
338,161,-0.011901236340424063
338,177,-0.034785782427080005
338,193,-0.051554746907107776
338,209,-0.014047802099665494
338,33,-0.027059094723453053
338,49,-0.02801764247603631
338,65,-0.0085652988595679869
338,81,-0.018780379967909908
338,97,-0.026162427747838453
338,113,0.018134894743399112
337,129,-0.020336127393575293
337,145,-0.011475896669031743
337,161,-0.026007715099839075
337,177,-0.01369165054992141
337,193,-0.035766173005920894
337,209,-0.013237745579803853
337,33,-0.027664547527788842
337,49,-0.017714241580131032
337,65,0.0024760821280810849
337,81,-0.018593422426632165
337,97,-0.021137276647512023
337,113,-0.003466272486780672
336,129,-0.034618669509912672
336,145,-0.027199604600834145
336,161,-0.0088164233349698334
336,177,-0.045350886883424153
336,193,-0.020553383589929274
336,209,-0.024036131547164195
336,33,-0.012793848559969987
336,49,-0.027487326435786247
336,65,-0.027081656865941724
336,81,-0.020537081381188319
336,97,-0.022078746868521126
336,113,-0.035963684238207949
335,129,-0.037142488321694284
335,145,-0.038722910761262996
335,161,-0.023597262924380108
335,177,-0.028988942675938118
335,193,-0.027126364311265066
335,209,-0.042890981182003705
335,33,-0.029806559383313704
335,49,-0.031742476710424149
335,65,-0.03323503382594592
335,81,-0.034053093397287383
335,97,-0.04254879212613441
335,113,-0.021496626289906378
334,129,-0.016809469090810499
334,145,-0.029580362675192002
334,161,-0.019888425985869991
334,177,-0.032315033145668505
334,193,-0.016192816703015322
334,209,-0.032990759369303978
334,33,-0.0039317683063543694
334,49,-0.036874568506383827
334,65,-0.04736434873549096
334,81,-0.00020949712649208189
334,97,-0.020799352353196503
334,113,-0.019720280839371593
333,129,0.00054217020413599372
333,145,-0.027670682296004809
333,161,-0.022427722253512819
333,177,-0.028507571915238776
333,193,-0.031756126615915349
333,209,-0.025212626210166744
333,33,-0.013610108341726164
333,49,-0.01686218295144341
333,65,0.004715294961417477
333,81,-0.038117886994209461
333,97,-0.024355940796303772
333,113,-0.037929714120262754
332,129,-0.027859930259030101
332,145,-0.034087898559762839
332,161,-0.029696983920604218
332,177,-0.022773567573026877
332,193,-0.025491227723227802
332,209,-0.011064116823889178
332,33,-0.024213378748026763
332,49,-0.027299964110865729
332,65,-0.018497707025053833
332,81,-0.027684949810269061
332,97,-0.02629612510118778
332,113,-0.030846076558882874
331,129,-0.0072028420793129981
331,145,-0.036406926633622952
331,161,-0.027116575485439557
331,177,-0.027982682426692419
331,193,-0.038158723377284529
331,209,-0.014473181956408118
331,33,-0.032025188576757735
331,49,-0.030090597760365666
331,65,-0.010943143736416354
331,81,-0.022819184701505263
331,97,-0.016927428547756185
331,113,-0.028740547166758907
330,129,-0.016091499003458368
330,145,-0.010394572240785016
330,161,-0.019508647024085946
330,177,-0.0047512169266623857
330,193,-0.014009789550101093
330,209,-0.0095892845631112035
330,33,-0.033809545254446259
330,49,-0.01808080753201248
330,65,-0.030178067837852179
330,81,-0.022482329176152987
330,97,-0.016214824426481308
330,113,-0.012498984123702579
329,129,-0.020920538896558257
329,145,-0.032386744199383886
329,161,-0.018980582793750062
329,177,-0.032692284852334573
329,193,-0.04301135097305097
329,209,-0.019302683349398404
329,33,-0.026258418820670735
329,49,-0.023054348141356124
329,65,-0.012903904004189913
329,81,-0.035982324512521126
329,97,0.01121774464842297
329,113,-0.043994126516540721
328,129,-0.028500478236309933
328,145,-0.029611566565376158
328,161,-0.029549901811596595
328,177,-0.02396576879474422
328,193,-0.031061685072570948
328,209,-0.012573859643578897
328,33,-0.026486659458980381
328,49,-0.024513598899976719
328,65,-0.047430138631394038
328,81,-0.00809403301318809
328,97,-0.020034350351748324
328,113,-0.0047410265024606111
327,129,-0.013977477809973292
327,145,-0.037047747520440669
327,161,-0.034185154864781984
327,177,-0.024159371549659404
327,193,-0.028836943427407013
327,209,-0.022898746583052781
327,33,-0.02055947365596086
327,49,-0.025936882105778294
327,65,-0.0040801742235101477
327,81,-0.037353647126281871
327,97,-0.015864896252016172
327,113,-0.019050259100842352
326,129,-0.021129382796547618
326,145,-0.016940171371606232
326,161,-0.037197786771173247
326,177,-0.022899227510892014
326,193,-0.032855402749915837
326,209,-0.026960469585289873
326,33,-0.017797584872333967
326,49,0.00094059490829113772
326,65,-0.040631547913997715
326,81,-0.029173109886630438
326,97,-0.015001504421235908
326,113,-0.019286958877821083
325,129,-0.0067485696457173488
325,145,-0.029207241216360334
325,161,-0.027828636149258394
325,177,-0.024229367039633628
325,193,-0.027367214358062723
325,209,-0.0066325680180182459
325,33,-0.017944481759367071
325,49,-0.0020430462954534388
325,65,-0.06648029846180907
325,81,-0.020991007263726925
325,97,-0.026956817486147231
325,113,-0.019091808779315166
324,129,-0.0031972615059712149
324,145,-0.02180369077642173
324,161,-0.027074618616692244
324,177,-0.016589289429445712
324,193,-0.027527747282785855
324,209,-0.039472507939151379
324,33,-0.0024370855637240322
324,49,-0.017944375851784405
324,65,-0.011143334923400652
324,81,-0.042347839092220632
324,97,0.0061408873475035011
324,113,-0.039612869736400276
323,129,-0.034571800234980819
323,145,-0.022005568088571879
323,161,0.0035295467495938186
323,177,-0.019317573389977749
323,193,-0.049269229251241983
323,209,-0.012671972857978447
323,33,-0.020777675765042056
323,49,-0.023472695814467325
323,65,-0.040430549053215553
323,81,-0.020331503552647873
323,97,-0.025515737418964124
323,113,-0.027364356343540844
322,129,-0.0014846064384749372
322,145,0.00060659794357606381
322,161,-0.017733233312075262
322,177,-0.019136125145611697
322,193,-0.032316942488738891
322,209,-0.018398003084962984
322,33,-0.013230779726864695
322,49,0.0027841709031770491
322,65,-0.028243307138595825
322,81,-0.023463069924514631
322,97,-0.027841159494443199
322,113,-0.026149180368395572
321,129,0.01520482859652789
321,145,-0.014097876816511132
321,161,-0.029989340338884056
321,177,-0.017484943190216724
321,193,-0.012458865659278095
321,209,-0.028175358579182932
321,33,-0.033972259090130658
321,49,-0.0343770351384916
321,65,-0.034071293393329219
321,81,0.010596597822430344
321,97,-0.02836502829224239
321,113,-0.028341280768868153
320,129,-0.04866803312650235
320,145,-0.022655400733053607
320,161,-0.035503543531251597
320,177,-0.031516204455876717
320,193,-0.03643709463788921
320,209,-0.038008631265971621
320,33,-0.0060835125279924008
320,49,-0.038491823121848401
320,65,-0.028522597714373425
320,81,-0.017810156749470545
320,97,-0.031706188093485715
320,113,-0.041561476091928014
319,129,-0.0073813985340988363
319,145,-0.03120518271601995
319,161,0.0010123596793723772
319,177,-0.025422496369288741
319,193,-0.023545577109737707
319,209,-0.028253173687505045
319,33,-0.026572793811486854
319,49,-0.022844265377941046
319,65,-0.015210348960183865
319,81,-0.018880973815359182
319,97,-0.022760929193669819
319,113,-0.039293293924927572
318,129,-0.01589330478290036
318,145,-0.023209941450447909
318,161,-0.004899308271730054
318,177,-0.018145243297761102
318,193,-0.026909573095033359
318,209,-0.025167837555503506
318,33,-0.022680416799266363
318,49,-0.025908533582782819
318,65,-0.023306626608773251
318,81,-0.030038314742281792
318,97,-0.032832778338425038
318,113,-0.034532591489583833
317,129,-0.0032355762804238968
317,145,-0.020892492371730284
317,161,-0.024886107333978773
317,177,-0.028699123655516367
317,193,-0.024319874692974752
317,209,-0.010314002225587879
317,33,-0.027357322046622074
317,49,-0.013557565193027043
317,65,-0.033606360717109734
317,81,-0.028256461843817832
317,97,-0.023727503532941292
317,113,-0.026449411412008746
316,129,-0.031872004884940908
316,145,-0.026412791802076823
316,161,-0.036708015928381812
316,177,-0.016425184729534269
316,193,-0.028012573897430643
316,209,-0.010435400557847018
316,33,-0.03112866093967618
316,49,-0.0018331537029139412
316,65,-0.017775960420955476
316,81,-0.021337259408744456
316,97,-0.033599236012085532
316,113,-0.0064837202344482231
315,129,-0.018430704998470496
315,145,-0.027572720685149345
315,161,-0.043779733254693906
315,177,-0.02267862603844983
315,193,-0.034466778599629495
315,209,-0.022370333641501178
315,33,-0.0013569947475140683
315,49,-0.0010410574994680489
315,65,-0.037539992631854681
315,81,-0.01698760587406186
315,97,-0.0090285362443285836
315,113,-0.032984146126417938
314,129,-0.020696167795814041
314,145,-0.045769147242418026
314,161,-0.013137599544870558
314,177,-0.020399890023554253
314,193,-0.039227185195275911
314,209,-0.031695848866816659
314,33,-0.020306880010247243
314,49,-0.010233256748289628
314,65,-0.014872303935326039
314,81,-0.024833434184025005
314,97,-0.023079623436997369
314,113,-0.034186823726531972
313,129,-0.03819460808033813
313,145,-0.011303463822514051
313,161,-0.010910119061125887
313,177,-0.0079711737545916372
313,193,-0.0095510505717125889
313,209,-0.018851569735236239
313,33,-0.0066843153938357233
313,49,0.003104938898851317
313,65,-0.014566502207886812
313,81,0.0033394764368282815
313,97,-0.028442066291296978
313,113,0.0079957219356055521
312,129,-0.025260230166001405
312,145,-0.019823767139232278
312,161,-0.01300353368101612
312,177,-0.017288036788887441
312,193,-0.027962424441859129
312,209,-0.02473230803929604
312,33,0.0097892158931423105
312,49,-0.048546516493852387
312,65,-0.01835379238579329
312,81,-0.024019279070915188
312,97,-0.033156845717326827
312,113,-0.030135104021327411
339,17,-0.004496266188834178
338,17,0.0021742082188869112
337,17,-0.022688389436777697
336,17,-0.017868929371882277
335,17,-0.015934039163412423
334,17,-0.016028342893445919
333,17,-0.0054602021383986857
332,17,-0.012942970272299511
331,17,-0.024773469681854308
330,17,-0.01066258881177953
329,17,-0.031440289772535719
328,17,-0.021054732928462948
327,17,0.0086094627476086
326,17,0.018454921554473199
325,17,0.0035715518692380158
324,17,-0.024697961053951108
323,17,-0.0046236792349196231
322,17,0.0079723503367562475
321,17,-0.010621631426636803
320,17,-0.0097940328381245431
319,17,-0.002492067143761989
318,17,-0.021852721078099987
317,17,-0.014945474216129271
316,17,-0.028314672217409624
315,17,0.0029838970669898105
314,17,-0.0070618191685213726
313,17,0.0032557321093538314
312,17,0.0069448605499841274
339,225,-0.015989910279639575
338,225,-0.024188847737683161
337,225,-0.02100847102953381
336,225,-0.015749304151509387
335,225,-0.022885251475141831
334,225,-0.014334715814668048
333,225,-0.00020694748493991816
332,225,-0.03179772742675302
331,225,-0.0098913214899087314
330,225,-0.00080811429763350006
329,225,-0.025985668277436126
328,225,-0.027686511440460953
327,225,-0.021433507832910544
326,225,-0.024377577596982558
325,225,-0.012766687713980516
324,225,-0.0023099577948167398
323,225,-0.012508001202298918
322,225,-0.0069855201244488508
321,225,0.01174732796311607
320,225,-0.0023545255149151393
319,225,-0.020815637923017199
318,225,-0.024183385968778261
317,225,-0.019983462973228033
316,225,-0.020594448581115313
315,225,8.4674815690824153e-05
314,225,0.00045517477824545352
313,225,-0.019154200863430036
312,225,-0.0075593320944100902
