339,129,-0.027847682708778954
339,145,-0.022543980503059453
339,161,-0.03201122739838784
339,177,-0.029768055016909552
339,193,-0.030337900052842464
339,209,-0.024947833327758184
339,33,-0.011453146334530342
339,49,-0.011573958883774041
339,65,-0.03511474395032714
339,81,-0.061119908813211554
339,97,-0.013774172817477368
339,113,0.002636595291703498
338,129,-0.027075405017244127
338,145,-0.0067055059022885187
338,161,-0.011944821079463906
338,177,-0.034610641855663621
338,193,-0.051339493068049163
338,209,-0.014224746724314679
338,33,-0.026942082810504295
338,49,-0.02800923695617839
338,65,-0.0086754573340625338
338,81,-0.018826849155590759
338,97,-0.02641506764426349
338,113,0.018166347277994523
337,129,-0.020285441162029717
337,145,-0.011566922892385957
337,161,-0.026159523309515379
337,177,-0.013910513466029333
337,193,-0.03582084399198672
337,209,-0.013207941289224315
337,33,-0.027431679959476925
337,49,-0.017787090156858313
337,65,0.0021437381993227454
337,81,-0.018696575653659443
337,97,-0.021243503576426025
337,113,-0.0037311311035254963
336,129,-0.034464509496432691
336,145,-0.027297919157299066
336,161,-0.0088832160885948461
336,177,-0.044867375021572738
336,193,-0.020476051263379688
336,209,-0.02402751780931954
336,33,-0.012921259745026458
336,49,-0.027636229283195195
336,65,-0.026954503398614469
336,81,-0.020569307169530524
336,97,-0.022110930921482506
336,113,-0.03593316776606896
335,129,-0.037682337816580931
335,145,-0.038356247069488321
335,161,-0.02370911964269198
335,177,-0.028502669579610097
335,193,-0.027089524516997712
335,209,-0.042416860942395496
335,33,-0.029262609934370919
335,49,-0.031499346646372814
335,65,-0.033072951053709061
335,81,-0.034050877642576929
335,97,-0.042117589599746236
335,113,-0.02162123966367626
334,129,-0.016844475016385967
334,145,-0.029198170416832359
334,161,-0.020225726326275183
334,177,-0.032262940160178305
334,193,-0.016443238140051275
334,209,-0.032909257461712658
334,33,-0.0039128108609113796
334,49,-0.036620321368456971
334,65,-0.04630381903305273
334,81,-0.00046290135191342932
334,97,-0.021184765961750722
334,113,-0.019958741457050868
333,129,0.00062823837644802698
333,145,-0.027344756630059929
333,161,-0.022722410425342381
333,177,-0.028671691363770381
333,193,-0.031989808285597866
333,209,-0.025533533028738328
333,33,-0.013890644661755092
333,49,-0.017159791124707377
333,65,0.0048216576192657646
333,81,-0.038453331206210362
333,97,-0.024691387247971281
333,113,-0.038204035702443684
332,129,-0.027696253597789058
332,145,-0.034249628025750954
332,161,-0.029709899202411981
332,177,-0.022964619602851566
332,193,-0.025732158262042514
332,209,-0.011219991258363066
332,33,-0.02440157106969338
332,49,-0.027561497001023443
332,65,-0.018803405684340673
332,81,-0.027541351709534027
332,97,-0.026610724014420585
332,113,-0.030937679627336439
331,129,-0.0072273701459367656
331,145,-0.036539675396655605
331,161,-0.027456609769695831
331,177,-0.027866069737445865
331,193,-0.038394626149266524
331,209,-0.014739363108423095
331,33,-0.03194171706887463
331,49,-0.030170388231565627
331,65,-0.01122934987816881
331,81,-0.023105350032868028
331,97,-0.017213743518954612
331,113,-0.028774194239145564
330,129,-0.016143173464238179
330,145,-0.010434335752376213
330,161,-0.019697930469246155
330,177,-0.0047412765888027201
330,193,-0.014143204267427854
330,209,-0.0096406990207188129
330,33,-0.033978634395841589
330,49,-0.018361497143979666
330,65,-0.030112819783805988
330,81,-0.022671602709213607
330,97,-0.016149517766124194
330,113,-0.012521200582741724
329,129,-0.021145300046071094
329,145,-0.03235728077743831
329,161,-0.019172554856707644
329,177,-0.032767485132000666
329,193,-0.043182803396990002
329,209,-0.019520985578947794
329,33,-0.026506321484207389
329,49,-0.023281453099966976
329,65,-0.012941281238649316
329,81,-0.03602254669302022
329,97,0.011287760242631208
329,113,-0.044282974781036488
328,129,-0.028337446810806029
328,145,-0.029572213497556621
328,161,-0.0293893894674781
328,177,-0.024220432835714428
328,193,-0.0308809644426195
328,209,-0.012548972732027926
328,33,-0.026479662480086867
328,49,-0.024733126439470818
328,65,-0.047896865296546583
328,81,-0.0082288800732693602
328,97,-0.020151728804343242
328,113,-0.0048467940191951747
327,129,-0.013961452911755408
327,145,-0.03718999587208506
327,161,-0.034159703952577648
327,177,-0.024331086394015714
327,193,-0.02865974964004624
327,209,-0.023111850085382038
327,33,-0.020566697084988286
327,49,-0.026067230506807964
327,65,-0.0040137922238145888
327,81,-0.037865225418061511
327,97,-0.016152234462775396
327,113,-0.019260375165461748
326,129,-0.021233216165505442
326,145,-0.01700953048313604
326,161,-0.037481960478281409
326,177,-0.023121777949283509
326,193,-0.03318597887556738
326,209,-0.02721374472409133
326,33,-0.017809141858552164
326,49,0.0009169694211133547
326,65,-0.041259653661003967
326,81,-0.029126981009971836
326,97,-0.015171755070900631
326,113,-0.019521739446758838
325,129,-0.0068123576913794561
325,145,-0.029205122555275756
325,161,-0.027306046285309006
325,177,-0.024111238696913666
325,193,-0.027723071603567729
325,209,-0.0067409867333808752
325,33,-0.01796269771975894
325,49,-0.0020766288423524218
325,65,-0.066673957988482579
325,81,-0.021145241306147106
325,97,-0.026883685599976937
325,113,-0.019252600802813904
324,129,-0.0032748355662595191
324,145,-0.022132777342898778
324,161,-0.027598914438309211
324,177,-0.016841962957014098
324,193,-0.027795088034520122
324,209,-0.039619861806035377
324,33,-0.0023986084640632596
324,49,-0.018182457421209681
324,65,-0.01142535653456162
324,81,-0.041061061158991233
324,97,0.0059233724341517264
324,113,-0.039577051120242887
323,129,-0.034122921269468635
323,145,-0.022113348114558798
323,161,0.0038333876889536122
323,177,-0.019422119556373005
323,193,-0.049166393039482212
323,209,-0.012818407102234973
323,33,-0.020474526510785757
323,49,-0.023577254687374909
323,65,-0.04030241013439792
323,81,-0.020381516404578071
323,97,-0.025629935868475971
323,113,-0.027334536296061304
322,129,-0.0012797896537510699
322,145,0.00072071117203075029
322,161,-0.017801858261647527
322,177,-0.019359753273328381
322,193,-0.032537197748225027
322,209,-0.018496757833404938
322,33,-0.013088569859042524
322,49,0.0027723568419618975
322,65,-0.027881155098777231
322,81,-0.023558550555327296
322,97,-0.02788310114734344
322,113,-0.026349069055324057
321,129,0.015579438565033419
321,145,-0.013975815788193083
321,161,-0.029849980050474366
321,177,-0.017530827023471533
321,193,-0.012310871597676055
321,209,-0.027964087279139387
321,33,-0.034041547494750531
321,49,-0.034548038018256351
321,65,-0.034131608397960228
321,81,0.010871078821445663
321,97,-0.028188214833116513
321,113,-0.02792957714911827
320,129,-0.048682285876563661
320,145,-0.022820683669616201
320,161,-0.03550318799760907
320,177,-0.031623241176637396
320,193,-0.03646861969607279
320,209,-0.037993812423637349
320,33,-0.0059592861669653966
320,49,-0.038677531427416728
320,65,-0.028429756484231974
320,81,-0.017911398098691869
320,97,-0.031575869940745321
320,113,-0.041671424738298088
319,129,-0.0074892880147758448
319,145,-0.031315008991302622
319,161,0.0009533616355933927
319,177,-0.025692814237071815
319,193,-0.023853828263879294
319,209,-0.028396900587623612
319,33,-0.026693215520215311
319,49,-0.02304940555405368
319,65,-0.015405235993774491
319,81,-0.019065618074052732
319,97,-0.022945587966662538
319,113,-0.038836834861361316
318,129,-0.016021415873898204
318,145,-0.023412922301728905
318,161,-0.0050819566111609616
318,177,-0.018406334604759145
318,193,-0.02720561351503242
318,209,-0.025431837846172114
318,33,-0.022840450504680251
318,49,-0.026219226765862556
318,65,-0.023466094599324302
318,81,-0.029952665628065325
318,97,-0.033231083710396944
318,113,-0.034692034904140169
317,129,-0.0030763298731241949
317,145,-0.020940027106762987
317,161,-0.024997280232541594
317,177,-0.028376712331726197
317,193,-0.024719549303552423
317,209,-0.010269286027519049
317,33,-0.027483646795494917
317,49,-0.013553160338046598
317,65,-0.033723326586864319
317,81,-0.028139907927896106
317,97,-0.023665512608363967
317,113,-0.026618590306289831
316,129,-0.032158744100900478
316,145,-0.026766098720586912
316,161,-0.037158315297468929
316,177,-0.016568286779930986
316,193,-0.027993506919810417
316,209,-0.010546558828643242
316,33,-0.031523224103844991
316,49,-0.0019008258299195141
316,65,-0.018149837921639066
316,81,-0.021623186793294405
316,97,-0.033788879789920456
316,113,-0.0066181055036566693
315,129,-0.018490714832846932
315,145,-0.027128918306817715
315,161,-0.043932800137513002
315,177,-0.022726452120206263
315,193,-0.034508593311244472
315,209,-0.022490249698814049
315,33,-0.0012853295893839258
315,49,-0.00087116936420443135
315,65,-0.037539838743813975
315,81,-0.017125635976780997
315,97,-0.0092087812128627648
315,113,-0.032981048003910732
314,129,-0.02087324138899796
314,145,-0.046179074362524733
314,161,-0.013296958074209256
314,177,-0.020602733680239925
314,193,-0.039572851100236846
314,209,-0.031956836211895531
314,33,-0.020553644374762779
314,49,-0.010156062925998259
314,65,-0.015031624497026334
314,81,-0.025141031070731037
314,97,-0.023311613796570138
314,113,-0.034430464471684956
313,129,-0.038287711832974455
313,145,-0.011405202095329142
313,161,-0.010821563151660225
313,177,-0.0078737407214573181
313,193,-0.0096139452057975583
313,209,-0.019073237148018497
313,33,-0.006569548956837209
313,49,0.0031787147614839566
313,65,-0.01461455416401828
313,81,0.003771367213222188
313,97,-0.028256110491166598
313,113,0.008169879933444325
312,129,-0.025538577536351983
312,145,-0.020072613574804245
312,161,-0.013122033672715382
312,177,-0.017441266159168259
312,193,-0.027617115523227893
312,209,-0.02509179785793552
312,33,0.0099291023194108593
312,49,-0.049096552722184557
312,65,-0.018596869052879651
312,81,-0.02422169574555439
312,97,-0.033437751748320005
312,113,-0.030092391062400546
339,17,-0.0044659318600929632
338,17,0.0023493813252621473
337,17,-0.022785692817194492
336,17,-0.01806558407495943
335,17,-0.016045898245796966
334,17,-0.016169403827733412
333,17,-0.0054997739027600875
332,17,-0.013002363240199729
331,17,-0.024964263062028594
330,17,-0.010768702647773413
329,17,-0.031660389811094793
328,17,-0.021487054914639182
327,17,0.0087707477528863424
326,17,0.018811702950285752
325,17,0.0036755150279256872
324,17,-0.024899187387258402
323,17,-0.0045457309576153382
322,17,0.0081511389556434312
321,17,-0.010691822299484288
320,17,-0.0096295458817834585
319,17,-0.0023650170080912062
318,17,-0.021928424102692953
317,17,-0.015032819057174882
316,17,-0.02805244364562709
315,17,0.002828355192572483
314,17,-0.0070876154755914848
313,17,0.0033410366168523629
312,17,0.0069337092928210041
339,225,-0.016068844185997463
338,225,-0.024460319027712275
337,225,-0.021207260494544602
336,225,-0.015848640928193058
335,225,-0.023263350808383137
334,225,-0.014618577106952914
333,225,-0.00013615205443304705
332,225,-0.03250300904152429
331,225,-0.0099516367386681091
330,225,-0.00079662041655926814
329,225,-0.026403490440544818
328,225,-0.028043233921088644
327,225,-0.021521779845301882
326,225,-0.024719535951113428
325,225,-0.012901086177628283
324,225,-0.0023224888466357551
323,225,-0.012671509369728617
322,225,-0.007181108787852491
321,225,0.012224618293997319
320,225,-0.0023641514361944123
319,225,-0.02108427168561074
318,225,-0.024516519697022114
317,225,-0.020298982229203347
316,225,-0.021119244086003106
315,225,0.00032999412542356418
314,225,0.00071977520316645846
313,225,-0.018991607323295495
312,225,-0.007351649289216354
