345,19,0.0068123701276878966
311,18,0.038397770139829278
311,19,0.032428572741499122
311,20,0.02774100632448739
311,21,0.031500546195175408
311,22,-0.011295237974546683
311,23,-0.12069622293077178
311,17,0.0229410282545
358,18,0.032878748449253301
358,19,0.034633381499467993
358,20,0.062588261947929449
358,21,0.015610575437024972
358,22,-0.012596551456399025
358,23,0.017598273574571506
358,24,0.015181210924383293
358,25,0.011271947109889513
324,18,0.015830319403162749
324,19,0.011243668065746473
324,20,0.030007797790900001
324,21,0.039190176178310908
324,22,0.037751656046917381
324,23,0.01855800636153955
324,24,0.032336902082521442
324,25,0.038924300528708287
331,18,0.054847348166800002
325,18,0.0055402035092818836
325,19,0.02941186606269024
325,20,0.028130301374416633
325,21,-0.011794874136975558
325,22,-0.014057914362651401
325,23,0.013318702674958431
325,24,0.0092815586763524468
325,25,0.029377852841361556
325,34,0.012999236310799999
325,50,-0.0011817276165169948
325,66,0.027159424295334168
325,82,0.053320985195847853
325,98,0.05732774509853808
325,114,0.045190703905935631
325,130,0.041506220478483902
325,146,0.0068535146069000265
325,162,0.04823510319114313
325,178,0.018549346424300048
325,194,0.031029271622322278
325,210,0.026037953037434169
325,35,0.023227362564224821
325,51,-0.016490732092501049
325,67,0.03448293614673182
325,83,0.0064688374300625002
325,99,0.05087863363899657
325,115,0.052554635035685845
325,131,0.033051126154538431
325,147,0.017650282402912366
325,163,0.04401508422136139
325,179,0.044378865046186967
325,195,0.0071624535456255274
325,211,0.03175902092859257
325,36,0.0054469939044748993
325,52,0.0030555971063305214
325,68,0.0080339567193649878
325,84,0.039928076780233163
325,100,0.018690767335464022
325,116,0.034376097456265957
325,132,-0.01920190152923407
325,148,0.03600175652934047
325,164,0.02412086950742574
325,180,-0.0028724314670289038
325,196,-0.0049381064392442948
325,212,0.026872535553194001
325,37,0.033208190497565501
325,53,0.0033117891529414125
325,69,0.053209348107718157
325,85,-0.0086109269177276591
325,101,0.036980351634365902
325,117,0.010935144061281016
325,133,-0.0091743545808824212
325,149,0.033775400007760061
325,165,1.7579327773626598
325,181,0.030560758079485485
325,197,0.023769248320801732
325,213,0.022412670799748194
325,38,0.0017749327566373666
325,54,0.011062194205190074
325,70,0.045034764562310606
325,86,0.020587362106609067
325,102,0.0047382830273218334
325,118,0.044590398396178607
325,134,0.026293955646617788
325,150,-0.0059599055790506604
325,166,-0.0039164567395429915
325,182,0.003666795612373974
325,198,0.02811541677817158
325,214,0.014499084122818055
325,39,0.045228754122385077
325,55,0.010355256329368269
325,71,0.020352288195288996
325,87,0.002050687763580656
325,103,0.036021307117920245
325,119,0.016201677733902763
325,135,0.024175963632672274
325,151,0.051425385517814864
325,167,-0.0016658519113537727
325,183,0.00035267410602766698
325,199,-0.011698953777870199
325,215,0.028342761094589799
325,40,0.023253185595684223
325,56,-0.0091673745709076309
325,72,-0.0035294547782946319
325,88,0.045241028402738095
325,104,0.0064689167427844736
325,120,-0.0028485284048103627
325,136,0.034324074907812051
325,152,-0.020930059026528305
325,168,0.0074708352284800373
325,184,-0.012286452377554364
325,200,0.038579779753218184
325,216,0.032805408409150902
325,41,0.04165045087844442
325,57,0.023106574889257846
325,73,0.027879145451411243
325,89,0.0094959093323934828
325,105,0.0077425397572791974
325,121,0.0094261537420372125
325,137,0.011489228334833738
325,153,0.010323605328215284
325,169,0.026019742019084378
325,185,-0.033348670820125471
325,201,0.031939267307101102
325,217,0.0014773857739153241
