339,129,-0.028132575658219371
339,145,-0.021809701515727805
339,161,-0.031547884559785778
339,177,-0.029589239005828168
339,193,-0.02985634888346355
339,209,-0.024335896257816479
339,33,-0.010755842073959155
339,49,-0.011352762451573318
339,65,-0.038819956340988601
339,81,-0.060481939496631339
339,97,-0.013159009465379054
339,113,0.0030522657851336649
338,129,-0.027409066252773208
338,145,-0.0068442340406213407
338,161,-0.012008476698423835
338,177,-0.034121817510030399
338,193,-0.050814076682180159
338,209,-0.014166578199033927
338,33,-0.027200062298680511
338,49,-0.027997262379208073
338,65,-0.0086493869967968796
338,81,-0.018655303420270757
338,97,-0.025398119321494033
338,113,0.017646781047722156
337,129,-0.020054916771705684
337,145,-0.011634457437246398
337,161,-0.024970313841492543
337,177,-0.013891952520004339
337,193,-0.035498511025006875
337,209,-0.013024346009715681
337,33,-0.027146775316177717
337,49,-0.017591138576209253
337,65,0.0020736576031478589
337,81,-0.01852446166168923
337,97,-0.021248058938644957
337,113,-0.0031985895982356342
336,129,-0.034311002195197698
336,145,-0.026639667348326589
336,161,-0.0088621882911034747
336,177,-0.044574432144705509
336,193,-0.019857638700000377
336,209,-0.023197369428286468
336,33,-0.013355979632220844
336,49,-0.027960660656816887
336,65,-0.026023939250164187
336,81,-0.019903284473233616
336,97,-0.021407735456425263
336,113,-0.035199665254641022
335,129,-0.041289991838535413
335,145,-0.037343839914777709
335,161,-0.022712412456202431
335,177,-0.028366547807891714
335,193,-0.025904784729180317
335,209,-0.041523865667685254
335,33,-0.029415120853874623
335,49,-0.031006832529720217
335,65,-0.032109993929410698
335,81,-0.033138250793167838
335,97,-0.041139387513882721
335,113,-0.020629747549500189
334,129,-0.016757424204871908
334,145,-0.029535407130619633
334,161,-0.019374409499823678
334,177,-0.031585641288358016
334,193,-0.015574427378024114
334,209,-0.03220571373774344
334,33,-0.0040917307646068284
334,49,-0.035665678150358114
334,65,-0.045488268360710175
334,81,2.9583298372414793e-05
334,97,-0.020377324986088123
334,113,-0.019101898784472895
333,129,0.00041952807788751302
333,145,-0.027018264292566929
333,161,-0.021477485098422584
333,177,-0.027299408872781233
333,193,-0.031145212900876393
333,209,-0.024873379202649846
333,33,-0.013264102799180635
333,49,-0.016546409170612814
333,65,0.0045978426155036875
333,81,-0.037077941020521178
333,97,-0.023411774502132474
333,113,-0.036811788145962039
332,129,-0.028482749875526972
332,145,-0.033198551555606692
332,161,-0.029646066635070457
332,177,-0.021984198053169042
332,193,-0.024840504662075259
332,209,-0.010721604346315522
332,33,-0.023522404786637339
332,49,-0.026543715773475907
332,65,-0.017985418147057654
332,81,-0.028620620222632842
332,97,-0.026051173863377255
332,113,-0.030346903590781651
331,129,-0.0072665180267072931
331,145,-0.035614877630483592
331,161,-0.02640701467700976
331,177,-0.028087991223618373
331,193,-0.03736673408507709
331,209,-0.014238545273443219
331,33,-0.032083177143407714
331,49,-0.029748131768425896
331,65,-0.010968894702484152
331,81,-0.022463364847749547
331,97,-0.016429424661878685
331,113,-0.028679823442063927
330,129,-0.015654551583392982
330,145,-0.010153794776364779
330,161,-0.018989913748978366
330,177,-0.0046987155222988804
330,193,-0.013704157911165304
330,209,-0.0096950049131902406
330,33,-0.033211571802044988
330,49,-0.017745668696752152
330,65,-0.030107994656559615
330,81,-0.021844677479996667
330,97,-0.015654513570590386
330,113,-0.012270036435560893
329,129,-0.020526443092206463
329,145,-0.032053906671588653
329,161,-0.018558006552114384
329,177,-0.03190247968770131
329,193,-0.041764485416616634
329,209,-0.018814157706208579
329,33,-0.026304688911093568
329,49,-0.022379265392156809
329,65,-0.012379365990957307
329,81,-0.034998289252268715
329,97,0.010816618055103177
329,113,-0.04172358526408481
328,129,-0.028381051331870393
328,145,-0.029320081540700108
328,161,-0.029258420501324312
328,177,-0.023852611358742924
328,193,-0.031019593590240063
328,209,-0.012655956240205614
328,33,-0.026526895913581275
328,49,-0.024311385738140522
328,65,-0.045666103777586502
328,81,-0.0080637981080045693
328,97,-0.01971897269925113
328,113,-0.0045507003998432986
327,129,-0.013745508023390441
327,145,-0.036056030043929023
327,161,-0.033619027389386748
327,177,-0.023464298678154666
327,193,-0.028203368798571844
327,209,-0.021919397833144519
327,33,-0.0196043049082722
327,49,-0.025358499196373965
327,65,-0.003982457390594208
327,81,-0.03888207714546435
327,97,-0.015083617153243058
327,113,-0.018194878190918383
326,129,-0.020838296513287891
326,145,-0.016360101561242346
326,161,-0.036528445917114606
326,177,-0.02196186346635837
326,193,-0.032031534943191053
326,209,-0.025987121113169989
326,33,-0.017980362127443555
326,49,0.0010550978046742344
326,65,-0.040639996172618986
326,81,-0.029478504433041515
326,97,-0.014171684054982649
326,113,-0.018181592012628953
325,129,-0.006618040826111499
325,145,-0.029105926267295201
325,161,-0.026819971495867501
325,177,-0.023208951949579788
325,193,-0.027715855063409921
325,209,-0.0062580664844977627
325,33,-0.017300845531385129
325,49,-0.0026494712106718576
325,65,-0.064519200804288385
325,81,-0.019857986898800944
325,97,-0.026166496696910364
325,113,-0.019002090941863718
324,129,-0.0032064483451587282
324,145,-0.021420503809271699
324,161,-0.027556988351839305
324,177,-0.016272944557040515
324,193,-0.026480526534791316
324,209,-0.038288201673450067
324,33,-0.003191371282053085
324,49,-0.017809746775718099
324,65,-0.010772349955824169
324,81,-0.040780100699825989
324,97,0.0060707944914590107
324,113,-0.038559427203495873
323,129,-0.033965062808889154
323,145,-0.021240535999917685
323,161,0.0029211795685869838
323,177,-0.018858775752270962
323,193,-0.047830472158498186
323,209,-0.011977733051522679
323,33,-0.020901656401204442
323,49,-0.023066674686267358
323,65,-0.039273472515003516
323,81,-0.019607812247386686
323,97,-0.024898206730145506
323,113,-0.027051938506998548
322,129,-0.0019040619622297372
322,145,0.00042912529015615299
322,161,-0.01753511669813684
322,177,-0.018642779522723665
322,193,-0.031757474890488954
322,209,-0.017831889289652673
322,33,-0.013167530554014871
322,49,0.0026517022214420818
322,65,-0.027154933712563833
322,81,-0.022883608529412288
322,97,-0.027851014218033536
322,113,-0.02518868273897755
321,129,0.013358101194803788
321,145,-0.014409025888284636
321,161,-0.030359132929974674
321,177,-0.017418544895628423
321,193,-0.012711258891222967
321,209,-0.028239068505148058
321,33,-0.034064841463516411
321,49,-0.033851691981500495
321,65,-0.033927910674425611
321,81,0.0099229571565934271
321,97,-0.028446568865503452
321,113,-0.027454275890835649
320,129,-0.048145676346259506
320,145,-0.022004179523226929
320,161,-0.035046923146565746
320,177,-0.03112414953772933
320,193,-0.035862658428207253
320,209,-0.037173918600985741
320,33,-0.00641900661310176
320,49,-0.037905656503871725
320,65,-0.028347413024458146
320,81,-0.017347467835662392
320,97,-0.031542679545865288
320,113,-0.040655407985618397
319,129,-0.0076276490748283009
319,145,-0.030530837001084464
319,161,0.0011424556944016184
319,177,-0.024760753550824834
319,193,-0.022645922154478776
319,209,-0.026781696988772953
319,33,-0.025772248632545368
319,49,-0.022387573960631103
319,65,-0.014871063413916046
319,81,-0.018349944663026741
319,97,-0.022061776643303485
319,113,-0.040391272236312781
318,129,-0.015152336721392004
318,145,-0.022125758647053458
318,161,-0.0049198023831190573
318,177,-0.017547319997782151
318,193,-0.026075774363953037
318,209,-0.023982849343268588
318,33,-0.02182148718176901
318,49,-0.024924775516336754
318,65,-0.022547505231074516
318,81,-0.029304059725738123
318,97,-0.03119618462278315
318,113,-0.033404374528209824
317,129,-0.003389226894278485
317,145,-0.020234739523454875
317,161,-0.024142907332510326
317,177,-0.027196062661399924
317,193,-0.024181728194313221
317,209,-0.010527881889664172
317,33,-0.027784222373212163
317,49,-0.013830926350949664
317,65,-0.032844738953246994
317,81,-0.027865544114412819
317,97,-0.023276098251334806
317,113,-0.026034272256402466
316,129,-0.031081993519156841
316,145,-0.025496147219898707
316,161,-0.035224747807064929
316,177,-0.015703353818623637
316,193,-0.028017583513599446
316,209,-0.010093744840000548
316,33,-0.030550243523787931
316,49,-0.0014795368114678025
316,65,-0.0168837933798987
316,81,-0.020839271183720247
316,97,-0.032609317863729663
316,113,-0.0058769969044116088
315,129,-0.017940911069870287
315,145,-0.026659481401334284
315,161,-0.042579682381844237
315,177,-0.021726468633805927
315,193,-0.033804876189475155
315,209,-0.021670042383365989
315,33,-0.0017763964886433866
315,49,-0.0014740645427756206
315,65,-0.036974355437605813
315,81,-0.016415459289236101
315,97,-0.0086477534429042456
315,113,-0.032405733987237881
314,129,-0.020415755663317985
314,145,-0.045052469686735805
314,161,-0.012887380388278524
314,177,-0.020161559739138461
314,193,-0.038582572410031102
314,209,-0.031350419846877975
314,33,-0.019972732079274583
314,49,-0.010537830794819876
314,65,-0.014722970421540476
314,81,-0.024398519596148398
314,97,-0.023296160738416949
314,113,-0.033728018035007211
313,129,-0.037241397801902103
313,145,-0.010833984074416285
313,161,-0.010881888361266912
313,177,-0.0082017119729492546
313,193,-0.0096240716684125177
313,209,-0.018426715161976501
313,33,-0.0067245898788121459
313,49,0.0021729144051157072
313,65,-0.014180776962211723
313,81,0.0026353536624542499
313,97,-0.028286719554167894
313,113,0.0072792971195114308
312,129,-0.024456818483819261
312,145,-0.019351990675263331
312,161,-0.012832678033088948
312,177,-0.016929523657558471
312,193,-0.027452818015524717
312,209,-0.024209908677129882
312,33,0.0089732926444680439
312,49,-0.046889482046067875
312,65,-0.01824514184134101
312,81,-0.023923069707169699
312,97,-0.032266102123862335
312,113,-0.03016309837875197
339,17,-0.0040493646047094333
338,17,0.0024530703176194064
337,17,-0.022055330954291172
336,17,-0.017054923845523436
335,17,-0.01540005687632599
334,17,-0.015243582297467563
333,17,-0.005065425872264516
332,17,-0.012385724867220328
331,17,-0.023877346207321119
330,17,-0.010111143816699864
329,17,-0.030060757772238277
328,17,-0.019657354400929559
327,17,0.0082756449499496645
326,17,0.017632176957262897
325,17,0.0032241043091900267
324,17,-0.024118498896331855
323,17,-0.0047070222214884517
322,17,0.0075532236682720744
321,17,-0.010194709215090357
320,17,-0.0095081288841249306
319,17,-0.0027256946969745574
318,17,-0.021131681468433958
317,17,-0.014137918713760231
316,17,-0.02701415806102082
315,17,0.0030055266739706429
314,17,-0.0069646041155375206
313,17,0.0029776561574214357
312,17,0.0068424081561296451
339,225,-0.015463790984462031
338,225,-0.02361626642205597
337,225,-0.020280709460043841
336,225,-0.015307624735407484
335,225,-0.022127527240437695
334,225,-0.014112292286832407
333,225,-0.00026613033041256119
332,225,-0.031195168668198589
331,225,-0.009133620628990969
330,225,-0.00050290251496765636
329,225,-0.025323685090373266
328,225,-0.027682097634907445
327,225,-0.021041125462982171
326,225,-0.023920997548676305
325,225,-0.012459272577272137
324,225,-0.0021749380673429545
323,225,-0.012307758080879125
322,225,-0.0070930211780027364
321,225,0.011253360218716774
320,225,-0.0023439461032707869
319,225,-0.020311237541626476
318,225,-0.023546853373912279
317,225,-0.019622456400743338
316,225,-0.020179676191982913
315,225,-6.4798849032085114e-05
314,225,0.0001075741408177916
313,225,-0.018954876650437644
312,225,-0.0074184449653468699
