0,2.6750027710120161
1,2.672099077878531
2,2.6694749100713273
3,2.6653724515885693
4,2.6644901191706825
5,2.6621316521916287
6,2.6609493747759076
7,2.65560401401406
8,2.656199972271728
9,2.6526166129102347
10,2.6472073296983094
11,2.6469056090768612
12,2.6411488195203172
13,2.6405401782368401
14,2.6387112104602144
15,2.6344258627452879
16,2.6353462442406022
17,2.631965931559761
18,2.6285702724176905
19,2.6232922499603379
20,2.6211082928538656
21,2.6173499077362057
22,2.6148341712371179
23,2.609144085833778
24,2.6062836332557495
25,2.6037323842843967
26,2.5986055349321369
27,2.595061991709132
28,2.5911788056175094
29,2.5853197823103913
30,2.5794196659996516
31,2.578761560915519
32,2.5866253387369778
33,2.581719038640987
34,2.5790906768727142
35,2.5731471846137071
36,2.5708247288653987
37,2.5621440544766765
38,2.5584456515085416
39,2.5506630364897092
40,2.548962285541462
41,2.5441833144620429
42,2.537313090632265
43,2.5286539688248659
44,2.523070530543476
45,2.5171025514821053
46,2.5107435632975901
47,2.5014858112345508
48,2.5000539318709056
49,2.4925032722690186
50,2.4838054586703491
51,2.4776003070263468
52,2.4717266811144438
53,2.4632264604953291
54,2.4546591466696839
55,2.4441388165124476
56,2.4384620225985505
57,2.427405969993687
58,2.4166299500361377
59,2.4065346109486616
60,2.3959602425389259
61,2.385293414871041
62,2.3741338602130231
63,2.3620668521834638
64,2.4557804272938153
65,2.4426277950677528
66,2.4358030861755253
67,2.4277889888105713
68,2.4143078662160518
69,2.4069244785994832
70,2.3932036468171702
71,2.3769330709014973
72,2.3693207546690731
73,2.3572080877466006
74,2.3408803028219767
75,2.3285012923575117
76,2.3126573477424026
77,2.2957816561028221
78,2.2808489612044447
79,2.2622903845579034
80,2.2535785853806356
81,2.2333489189411364
82,2.21419588887492
83,2.1939008962899513
84,2.1710496826659078
85,2.1492804322859866
86,2.124396028482133
87,2.0986756950097498
88,2.0725855245047722
89,2.0485910543717387
90,2.0167927200663538
91,1.988034954430592
92,1.9557706371944268
93,1.9161786862799399
94,1.8785296052763971
95,1.8391533669432678
96,1.8548768998761598
97,1.8150932827540398
98,1.7662364842365887
99,1.7203979322633356
100,1.67837373180177
101,1.6279986311396
102,1.5766854938885846
103,1.5268854073663929
104,1.4749864240281483
105,1.4190218127492797
106,1.3588222551352362
107,1.3053925402869793
108,1.2531109940775695
109,1.197329601146331
110,1.1399865558097626
111,1.0859381287123262
112,1.0374828389337596
113,0.98341296039760229
114,0.93513851344197008
115,0.86055292181353127
116,0.81084237584552787
117,0.76207162496487868
118,0.70054581885905165
119,0.6513443438593709
120,0.60084235995577151
121,0.54743598882953193
122,0.49184625193534925
123,0.443703268019493
124,0.38532898993401332
125,0.34111680483187667
