0,2.7650358735966707
1,2.7500450269039987
2,2.7481153173752753
3,2.7467339418705166
4,2.7428527392270508
5,2.7428527392270508
6,2.7392311477431579
7,2.7355925911623187
8,2.73137317575627
9,2.7305265822749565
10,2.7254280485863482
11,2.7240060170800326
12,2.7197248647827301
13,2.7191523379282101
14,2.7134049846414188
15,2.7116729486106372
16,2.7105162502196691
17,2.7055823633018115
18,2.7055823633018115
19,2.6997406479373329
20,2.6973927186503701
21,2.6944487723746535
22,2.6909027859988424
23,2.6879367549815396
24,2.6804777589180819
25,2.6807773233828884
26,2.6774765930846187
27,2.669323302932348
28,2.667805403570509
29,2.6641522058128135
30,2.6589520973736498
31,2.6558796580559756
32,2.6641522058128135
33,2.6610968319772748
34,2.6552639655701724
35,2.6512521768565214
36,2.6459803933923904
37,2.6425537800670771
38,2.6359783342952383
39,2.6315701094093669
40,2.6293586186550377
41,2.6226946331464749
42,2.6166271665526102
43,2.611167662784994
44,2.606649817272702
45,2.5982073324515791
46,2.5906824134404136
47,2.5854163669927992
48,2.5837654572554958
49,2.5784656813843676
50,2.5677890338169371
51,2.5617382462251936
52,2.5549770025292031
53,2.5447598480934452
54,2.537554083719689
55,2.5278775336483403
56,2.523706348315252
57,2.5121610526464053
58,2.5029877636491467
59,2.4912470180172592
60,2.4829994260302692
61,2.4728872042385319
62,2.4586711706362872
63,2.4476318615023764
64,2.5372098478457645
65,2.5282244799223692
66,2.5209175272780713
67,2.5104022288308951
68,2.4983756715050984
69,2.4898164688306181
70,2.4793969529145188
71,2.46670924367303
72,2.4542662885831383
73,2.4413361491101431
74,2.4279082848091971
75,2.4124569813344583
76,2.3972199149138511
77,2.3825959309641322
78,2.3658729177932818
79,2.3497548558930079
80,2.3394462104078237
81,2.322650433035669
82,2.3032384268877593
83,2.283595133264325
84,2.2591333856696822
85,2.2317794504146415
86,2.2078728780975592
87,2.1849570523932371
88,2.1617592446929299
89,2.1333709555108706
90,2.1059306488510448
91,2.0721409839658231
92,2.0368658893170455
93,2.0038627022456508
94,1.9636095863573335
95,1.9231399546770214
96,1.9388246185547633
97,1.8949470201128198
98,1.8452051698610985
99,1.7934445433365067
100,1.7443512567096278
101,1.6830839419335379
102,1.6287288752592171
103,1.5722525390340265
104,1.5096062931592047
105,1.4579040557124141
106,1.3971465622091921
107,1.334103368215469
108,1.2717639195790709
109,1.2232284985883846
110,1.162149360918775
111,1.1045697563639347
112,1.0448657703173645
113,0.99019332587682896
114,0.93348534083685486
115,0.88409581757642597
116,0.82124565932047755
117,0.7595962534927394
118,0.70969128240812784
119,0.6620809762173252
120,0.58193726061758477
121,0.53236962895033946
122,0.48086633994673988
123,0.42738462951626044
124,0.37857083541566494
125,0.32332022250855186
