0,2.241857142857143
8,2.1974380952380947
16,2.1489599999999993
24,2.0888876190476187
32,2.0291661904761908
40,1.9446261904761908
48,1.8437652380952385
56,1.7147590476190477
64,1.5910795238095241
72,1.3898061904761903
80,1.1957480952380952
88,0.98530871428571454
92,0.87346028571428558
96,0.75555342857142849
100,0.62710157142857148
104,0.4682485714285714
108,0.26835500000000001
112,0.11045371428571429
116,0.022471823809523811
120,-0.0051850595238095249
124,-0.0081188457142857134
127,-0.0082298538095238079
