0,2.3082442857142857
8,2.2663157142857138
16,2.2195638095238102
24,2.160808095238095
32,2.1045042857142855
40,2.0232257142857142
48,1.9262990476190474
56,1.8042376190476195
64,1.7026623809523813
72,1.5027919047619047
80,1.2934190476190477
88,1.0777723809523814
92,0.96336809523809508
96,0.84611361904761906
100,0.71991328571428581
104,0.57720533333333335
108,0.39228223809523804
112,0.18867100000000001
116,0.058586466666666656
120,0.0044800914285714286
124,-0.0041317199999999993
127,-0.0044182490476190467
