0,2.2354495238095242
8,2.1917928571428567
16,2.1434552380952376
24,2.08467
32,2.0257885714285719
40,1.9424380952380951
48,1.8433219047619045
56,1.7194528571428569
64,1.6056700000000002
72,1.4058542857142862
80,1.2089738095238094
88,0.99434828571428568
92,0.87859799999999988
96,0.75634628571428575
100,0.61379642857142858
104,0.41428271428571439
108,0.21202571428571429
112,0.075977742857142844
116,0.0086433800000000009
120,-0.0070880561904761892
124,-0.008039553809523807
127,-0.0082774290476190469
