0,2.2745123809523808
8,2.2311199999999993
16,2.1820276190476187
24,2.1221580952380954
32,2.0633552380952387
40,1.980134761904762
48,1.880438095238095
56,1.7554642857142855
64,1.6419028571428567
72,1.4407257142857144
80,1.2436904761904766
88,1.0332019047619043
92,0.92199638095238101
96,0.80542642857142865
100,0.68075399999999986
104,0.53378023809523822
108,0.34508438095238086
112,0.16380666666666666
116,0.050197504761904745
120,0.0034135661904761911
124,-0.0037974347619047616
127,-0.004243147142857142
