0,2.2762642857142854
8,2.2320261904761907
16,2.1834914285714295
24,2.1235433333333327
32,2.0645814285714286
40,1.9810423809523805
48,1.881344285714285
56,1.7560852380952383
64,1.6438923809523811
72,1.4423814285714283
80,1.2457752380952378
88,1.0348261904761904
92,0.92274447619047584
96,0.80604719047619033
100,0.68049938095238094
104,0.53408261904761911
108,0.34322204761904762
112,0.16309023809523809
116,0.049337923809523808
120,0.0033021366666666674
124,-0.0037496799999999992
127,-0.0041157995238095242
