0,2.7151381232124625
1,2.7107763139770111
2,2.7096807884578249
3,2.7069330965417921
4,2.702787777994351
5,2.702510408782457
6,2.7008435300756721
7,2.6974960749942287
8,2.694692577764636
9,2.6932860730151611
10,2.6901806015036041
11,2.6881964020536264
12,2.6850658181509672
13,2.6819198877870796
14,2.6790466339155361
15,2.6761606970181839
16,2.676738899039719
17,2.6726808311472929
18,2.6709340493779101
19,2.6677197575049107
20,2.6630170285357093
21,2.6606534883463318
22,2.6573903668239671
23,2.6553058446398392
24,2.6520176107263724
25,2.6490149899915756
26,2.6459996862309696
27,2.6408445622937076
28,2.6365716439440741
29,2.6335043397776507
30,2.627641520125342
31,2.6232922499603379
32,2.632273866863855
33,2.6294978832377156
34,2.6242263291235259
35,2.619857527098775
36,2.6154638663434384
37,2.6113617797889024
38,2.6066019686410073
39,2.6011730181765258
40,2.5957074137674558
41,2.5927990193518688
42,2.5872773559687223
43,2.581719038640987
44,2.573809601926615
45,2.569162026994579
46,2.5621440544766765
47,2.5523606166815043
48,2.5530387609464156
49,2.5458929435283566
50,2.5393794846520379
51,2.5314335122607834
52,2.5237702359522634
53,2.5139281940153002
54,2.5061254044228791
55,2.4989786906304619
56,2.4878010249331926
57,2.4797945459462762
58,2.4702532014261442
59,2.4587649284268092
60,2.4497870736182739
61,2.4395996643259754
62,2.4254889734553937
63,2.4174029633341019
64,2.508614768790836
65,2.4982612289855415
66,2.4881634972482662
67,2.4797945459462762
68,2.4669304525573725
69,2.457273692502377
70,2.4497870736182739
71,2.43884136333795
72,2.4270228243465444
73,2.4150824014771128
74,2.40067137655537
75,2.3884635955018814
76,2.3705257432635447
77,2.3559905429565782
78,2.3400585867049055
79,2.3251809447010912
80,2.3185158979786968
81,2.297478357045363
82,2.2761237404668
83,2.2588117527393843
84,2.2355607958294925
85,2.2124022896151976
86,2.1866230057604579
87,2.1613576209864021
88,2.1361783453950376
89,2.1125344426579211
90,2.0745308127531721
91,2.0436568088062068
92,2.0092648385356098
93,1.9793783007279373
94,1.9386693814180942
95,1.8998189898975646
96,1.9214300074907005
97,1.8812018760016262
98,1.8271540177711119
99,1.784672882139851
100,1.7346344146703125
101,1.6795340847079459
102,1.6315436123082052
103,1.5754810040525928
104,1.5219812034469249
105,1.4656245769653999
106,1.4050330041486998
107,1.3529996818794796
108,1.2882733415063916
109,1.2303664345300047
110,1.1769526746066106
111,1.1192900170196511
112,1.0677505118375747
113,1.0076926733891085
114,0.95033056926361748
115,0.88995944295256058
116,0.82797136624364565
117,0.7748787988635808
118,0.71962404636867472
119,0.6567510578239506
120,0.60318501596532537
121,0.55217190612161682
122,0.49424141567175273
123,0.44047750148540032
124,0.38125080579783965
125,0.32877000764494291
