0,2.2193219047619044
8,2.173777142857142
16,2.1250452380952378
24,2.0637371428571432
32,2.004204761904762
40,1.9193161904761904
48,1.8183619047619048
56,1.6918123809523804
64,1.5682280952380951
72,1.3676042857142854
80,1.1725638095238096
88,0.96242485714285719
92,0.84922857142857144
96,0.72554971428571446
100,0.58552114285714307
104,0.39832942857142861
108,0.20703071428571429
112,0.075517857142857137
116,0.0098327576190476128
120,-0.0059145414285714289
124,-0.0070563390476190467
127,-0.0063109990476190462
