0,2.7828871762092713
1,2.7712147276081378
2,2.7682662489381733
3,2.7653056236603355
4,2.7655752733388117
5,2.7612488322605149
6,2.7596197914336775
7,2.7585317565120056
8,2.7574421154273092
9,2.7544373206662986
10,2.7511455095891102
11,2.7467339418705166
12,2.7425747575778852
13,2.7425747575778852
14,2.7381133988055328
15,2.7381133988055328
16,2.7375539220255862
17,2.733626341424789
18,2.7282645827098029
19,2.7268475704629385
20,2.7245751308381259
21,2.7197248647827301
22,2.7205829021755932
23,2.7177192640511008
24,2.7119618722454071
25,2.708198034948659
26,2.7058733950255509
27,2.7014973787246159
28,2.6953330103018533
29,2.6941538256285424
30,2.6906066346304627
31,2.6849606854453336
32,2.6953330103018533
33,2.6900140307381362
34,2.688827618331215
35,2.6831702252345369
36,2.6780776293328237
37,2.6732580962060135
38,2.6665892771476347
39,2.6626257737099071
40,2.6598718716577658
41,2.6568024438957627
42,2.6475339294963351
43,2.643177704138381
44,2.6397411526793539
45,2.6344062269313233
46,2.627142209026446
47,2.6175875968382836
48,2.6185471236572555
49,2.6114896131469543
50,2.6050315327218332
51,2.5978812662968687
52,2.5890395345182324
53,2.5807874954614407
54,2.5724727156615055
55,2.5651038102948345
56,2.5600516997457845
57,2.5488575514681635
58,2.5392737573114781
59,2.5264887447003357
60,2.5174224663145823
61,2.5111060595126666
62,2.4976646130897167
63,2.4840782104538084
64,2.5774691124306441
65,2.5667828278850662
66,2.5580245312592558
67,2.548175604757601
68,2.54339073464249
69,2.5278775336483403
70,2.5191712516111897
71,2.5008612138254787
72,2.4951727465024276
73,2.4822797344886314
74,2.4696201331000713
75,2.4524266546904592
76,2.4394789478093837
77,2.4279082848091971
78,2.4113197727309039
79,2.3945369149266496
80,2.3880005792363121
81,2.3697785541799017
82,2.3485688600875849
83,2.3246592159718631
84,2.3081131116255671
85,2.2807111621286862
86,2.2603856356998642
87,2.2372841676595416
88,2.2083025417673481
89,2.1836514978276798
90,2.153816597828734
91,2.1212713228074662
92,2.0918424256951833
93,2.0545759147479137
94,2.0133423768605638
95,1.9790276271730125
96,1.9972030383402222
97,1.9490618148668364
98,1.9023978347537329
99,1.8462197930881055
100,1.7986150331049005
101,1.7417150663419985
102,1.6771540231493924
103,1.6199389071359063
104,1.5565665300066067
105,1.4993308952723381
106,1.4457232013703494
107,1.3806032636674592
108,1.3142464800505347
109,1.2509520520501554
110,1.1859475472939132
111,1.1280815287340293
112,1.0642199846586009
113,1.0065389207991358
114,0.95136896736176935
115,0.89214227274681424
116,0.82396676049728423
117,0.77199118426077851
118,0.71317371991927736
119,0.65996983050980473
120,0.5976409474590092
121,0.54102441836624759
122,0.48086633994673988
123,0.4362128845388118
124,0.37188052894610468
125,0.31881635063828329
