0,2.2575266666666662
8,2.2151666666666672
16,2.168338095238096
24,2.1116923809523804
32,2.0546347619047616
40,1.9756114285714279
48,1.8796857142857142
56,1.7617304761904764
64,1.6584461904761905
72,1.4579500000000001
80,1.2479542857142858
88,1.0320119047619047
92,0.91464428571428602
96,0.79047385714285723
100,0.64863657142857145
104,0.45729028571428565
108,0.23915928571428566
112,0.088727823809523779
116,0.011941899999999997
120,-0.0068660395238095218
124,-0.0081822790476190465
127,-0.0082298533333333319
