0,2.2041142857142852
8,2.1595271428571423
16,2.1104666666666674
24,2.0523952380952375
32,1.9955057142857149
40,1.9130885714285719
48,1.8156680952380957
56,1.6947004761904765
64,1.5948376190476188
72,1.4015814285714283
80,1.2099533333333332
88,0.99984095238095261
92,0.88757904761904749
96,0.7700782380952379
100,0.64024419047619041
104,0.47428904761904778
108,0.26297942857142842
112,0.10363838095238095
116,0.02014953333333333
120,-0.0025997700000000004
124,-0.0043411190476190476
127,-0.0042772171428571443
