0,2.7428527392270508
1,2.7358730824412096
2,2.7308088804872499
3,2.7302441836774736
4,2.7268475704629385
5,2.7245751308381259
6,2.7205829021755932
7,2.7182927947575113
8,2.7185794095329334
9,2.7148455874077051
10,2.7087781910775455
11,2.7076174772790162
12,2.7038340648704073
13,2.7003266264071835
14,2.6950383647113094
15,2.691198836982033
16,2.6935636309807527
17,2.6897175782141893
18,2.6870449881651624
19,2.6801780940680864
20,2.6780776293328237
21,2.6744653887322527
22,2.672351572766849
23,2.6668934593311371
24,2.6647620759576531
25,2.6610968319772748
26,2.6583384125916272
27,2.6518704793572394
28,2.6481546412415895
29,2.6419294544550178
30,2.6381750684267806
31,2.6315701094093669
32,2.6450470671077548
33,2.6394281365992174
34,2.6359783342952383
35,2.6293586186550377
36,2.6261908134077854
37,2.6207825060865741
38,2.6150244417060411
39,2.6079426379799946
40,2.6047075746560924
41,2.5978812662968687
42,2.5933057996860738
43,2.5883816802530371
44,2.5814499674453319
45,2.5731402069048479
46,2.5684593358455721
47,2.5617382462251936
48,2.5553160183732984
49,2.5502202402670209
50,2.54339073464249
51,2.5368655115866505
52,2.5292647164333206
53,2.5198700630335096
54,2.5114578242757686
55,2.5019249404706634
56,2.4923188758627552
57,2.480118250619181
58,2.4739744210179495
59,2.4605022717878988
60,2.4480012940587481
61,2.4394789478093837
62,2.4245309907331816
63,2.4132146184775491
64,2.5089933628450845
65,2.4997965837135929
66,2.4876676334949854
67,2.4790361534844036
68,2.4634268136006483
69,2.4535307361816336
70,2.4435614779598165
71,2.4353842710510785
72,2.4188840979391317
73,2.4056201777126129
74,2.3910801157809227
75,2.3717276079286234
76,2.3599956409904079
77,2.3422282905765974
78,2.3254620264500172
79,2.3085186828499888
80,2.2995729269340397
81,2.2774091720051852
82,2.2616369822633455
83,2.2305067218058969
84,2.2121649974619437
85,2.1901702359884525
86,2.1657183713245609
87,2.1405065757189727
88,2.1104546580020873
89,2.0813275338287696
90,2.0462050246673171
91,2.0152334932944731
92,1.9790276271730125
93,1.9412660616556752
94,1.9038852872818119
95,1.8603823564868114
96,1.8694453020605784
97,1.8273842639785793
98,1.7747476612337725
99,1.7279664211991463
100,1.670130277224096
101,1.6144321269842632
102,1.5599344430778157
103,1.498187176692239
104,1.4503687468638227
105,1.3930181158851525
106,1.3305011561130655
107,1.2809087342848593
108,1.2244649730831467
109,1.1665441291493102
110,1.1096650275042612
111,1.0597120823200294
112,1.0019684784877985
113,0.95136896736176935
114,0.89214227274681424
115,0.84432382287692676
116,0.78366764317018989
117,0.73332236758575187
118,0.68033972713290147
119,0.63102695839985978
120,0.56833588558704529
121,0.51863664893698225
122,0.47722027457747229
123,0.41116195124755217
124,0.36816017853695504
125,0.30453024823337271
