0,2.2005133333333333
8,2.1554452380952385
16,2.1048399999999998
24,2.0423119047619052
32,1.9774200000000002
40,1.888059047619048
48,1.7809990476190471
56,1.6444438095238094
64,1.5039380952380954
72,1.3085647619047618
80,1.1203733333333332
88,0.91502485714285697
92,0.80528542857142849
96,0.6857294285714286
100,0.55226571428571436
104,0.37817380952380963
108,0.19968838095238098
112,0.075168971428571443
116,0.010926974285714281
120,-0.006580589999999999
124,-0.0081664204761904748
127,-0.0082139957142857122
