0,2.3031980952380953
8,2.2602666666666669
16,2.2132423809523818
24,2.1547742857142858
32,2.0971028571428567
40,2.0157442857142853
48,1.9184023809523811
56,1.7944966666666669
64,1.6900399999999995
72,1.4902642857142856
80,1.2829142857142857
88,1.0701800000000001
92,0.95711214285714319
96,0.83952342857142859
100,0.71432590476190472
104,0.57223895238095235
108,0.38677447619047617
112,0.18711100000000003
116,0.058538709523809518
120,0.0046870290476190473
124,-0.0041953909523809521
127,-0.0045455947619047624
