0,2.2433157142857145
8,2.1999904761904756
16,2.1514976190476189
24,2.0936619047619045
32,2.0367304761904768
40,1.9538380952380949
48,1.8554533333333336
56,1.7339000000000004
64,1.6244623809523813
72,1.425789523809524
80,1.2264028571428567
88,1.0112999999999999
92,0.89439271428571454
96,0.76922328571428567
100,0.62749799999999978
104,0.43294842857142851
108,0.22423671428571423
112,0.080846233333333323
116,0.010023059999999995
120,-0.0068343233333333321
124,-0.0080554123809523787
127,-0.0081664204761904748
