0,2.2531019047619059
8,2.2075614285714287
16,2.1562399999999995
24,2.0946671428571428
32,2.0327300000000008
40,1.9457195238095235
48,1.8408647619047613
56,1.7114338095238091
64,1.5862847619047618
72,1.3863014285714281
80,1.1967142857142856
88,0.99340580952380975
92,0.88508157142857136
96,0.77018333333333344
100,0.64635461904761882
104,0.49915795238095256
108,0.30923647619047623
112,0.14137771428571425
116,0.041410595238095226
120,0.0020764252047619051
124,-0.0038611085714285718
127,-0.0039406985714285714
