0,2.2545433333333329
8,2.2106795238095232
16,2.1614880952380955
24,2.1026523809523816
32,2.0454204761904764
40,1.9647499999999998
48,1.8672999999999997
56,1.746253333333333
64,1.6381790476190479
72,1.438744761904762
80,1.2372809523809525
88,1.0239871428571425
92,0.90977557142857157
96,0.78979200000000016
100,0.65758100000000008
104,0.49190942857142839
108,0.27924914285714281
112,0.11321285714285717
116,0.022551119047619046
120,-0.0047727442857142871
124,-0.0071514890476190481
127,-0.0068660395238095218
