0,2.1987323809523813
8,2.1542085714285713
16,2.1047776190476184
24,2.0464185714285712
32,1.9891814285714289
40,1.9062499999999996
48,1.8072661904761897
56,1.6864714285714282
64,1.5831080952380951
72,1.3894385714285711
80,1.198590476190476
88,0.98951957142857183
92,0.87800976190476154
96,0.75985395238095255
100,0.63030742857142841
104,0.46363347619047607
108,0.25486347619047611
112,0.099724300000000016
116,0.018903452380952368
120,-0.0027275757142857147
124,-0.0042772171428571435
127,-0.0044209971428571431
