0,2.2660766666666663
8,2.2209157142857139
16,2.1711233333333331
24,2.1110795238095239
32,2.0502076190476193
40,1.9659347619047611
48,1.8638347619047622
56,1.7368076190476192
64,1.6189809523809526
72,1.4173419047619049
80,1.2242542857142857
88,1.0173790476190476
92,0.90720823809523832
96,0.79100433333333342
100,0.66650719047619045
104,0.5206316666666666
108,0.33067838095238083
112,0.15529033333333325
116,0.046743238095238095
120,0.00298377180952381
124,-0.0038133533333333334
127,-0.0039884538095238094
