0,2.2334676190476195
8,2.1894300000000002
16,2.1398409523809523
24,2.0819423809523814
32,2.0229014285714291
40,1.9399628571428573
48,1.8399290476190477
56,1.7146952380952378
64,1.5993585714285712
72,1.4010819047619043
80,1.2034395238095239
88,0.9912236666666665
92,0.87594985714285722
96,0.75019371428571424
100,0.60634257142857129
104,0.40695671428571423
108,0.20756985714285708
112,0.073107385714285711
116,0.0080090476190476188
120,-0.0071673476190476188
124,-0.0082298533333333319
127,-0.0081347038095238074
