0,2.7519698175584595
1,2.7436860818634123
2,2.7403472905177582
3,2.7383929866177228
4,2.736153473334912
5,2.7341886289900281
6,2.73137317575627
7,2.7308088804872499
8,2.7268475704629385
9,2.723721309623202
10,2.7211544251782236
11,2.7142696474567578
12,2.715996262687332
13,2.7145576676248262
14,2.7073270478664111
15,2.7067458878856341
16,2.7009122033362774
17,2.7026665248790236
18,2.6985674863753637
19,2.6956275555072087
20,2.6920863876204706
21,2.6849606854453336
22,2.6846625263731734
23,2.679278497206965
24,2.6756710750954675
25,2.6744653887322527
26,2.6690199238303585
27,2.6644571910778279
28,2.6592587891868775
29,2.6568024438957627
30,2.6540313759762979
31,2.6506334728150471
32,2.6580314196228323
33,2.6521794800298144
34,2.6475339294963351
35,2.6447357575758321
36,2.6388018032833771
37,2.6359783342952383
38,2.6293586186550377
39,2.6258734807645201
40,2.6198250873565714
41,2.6172675537949148
42,2.6089111994659793
43,2.6063263611329064
44,2.5978812662968687
45,2.5903540384263555
46,2.5824429225322505
47,2.5768042312022161
48,2.5784656813843676
49,2.5654398145832591
50,2.5637587892892464
51,2.5536199353009317
52,2.5444177203084899
53,2.5358319004981746
54,2.5282244799223692
55,2.5156711713882491
56,2.5139173668321906
57,2.5033418372715963
58,2.4901742567050618
59,2.4837187160311514
60,2.4725245978750143
61,2.4575713053230519
62,2.4483706262299298
63,2.4394789478093837
64,2.530304049477571
65,2.5195207075149439
66,2.5093457299193207
67,2.5008612138254787
68,2.4891005919261633
69,2.4783142534686071
70,2.4656160037822707
71,2.4561034128460917
72,2.4402221294852549
73,2.4279082848091971
74,2.4158631863449136
75,2.3991333319204671
76,2.3868440966764637
77,2.3725065267317884
78,2.3544898044476863
79,2.3318700548080327
80,2.3250606714035342
81,2.3068957956411666
82,2.2852409082962457
83,2.2695411966608852
84,2.2465611946992885
85,2.2190115083256403
86,2.197962907380238
87,2.1657183713245609
88,2.1449532882744626
89,2.1136154914890701
90,2.0872772586166377
91,2.0499294356662543
92,2.0138153065468249
93,1.9804677982770587
94,1.9412660616556752
95,1.9009094787589529
96,1.9132848394551374
97,1.868439914270962
98,1.826873288305676
99,1.766396175616143
100,1.7168122061852873
101,1.6641738567500468
102,1.6072583052013669
103,1.549819862263774
104,1.4890229725842254
105,1.4346642820223638
106,1.3717084080823547
107,1.3184676822892376
108,1.261372491474428
109,1.1984146851343491
110,1.1483052093189356
111,1.0854052700299646
112,1.0260708169249546
113,0.96720408853711826
114,0.91552853350913743
115,0.85581938767570653
116,0.81170915666783738
117,0.75338659130825336
118,0.69783222283987145
119,0.63951550994273498
120,0.57478315951396519
121,0.53092575865504132
122,0.48013732764326456
123,0.42959304847195012
124,0.38376878554362648
125,0.31581176168765701
