0,2.220701428571429
1,2.2148190476190468
2,2.2099509523809533
3,2.2033699999999996
4,2.1993733333333343
5,2.1916823809523818
6,2.1854804761904765
7,2.1800723809523812
8,2.1747133333333344
9,2.1674357142857139
10,2.1602666666666659
11,2.1552542857142849
12,2.1479919047619052
13,2.140252857142857
14,2.135084285714286
15,2.1273290476190474
16,2.1225233333333327
17,2.1125809523809531
18,2.1071109523809533
19,2.0990704761904757
20,2.0920919047619049
21,2.0824333333333334
22,2.0759480952380946
23,2.0681938095238088
24,2.0574095238095231
25,2.0515571428571429
26,2.0414395238095229
27,2.0323995238095236
28,2.0240600000000004
29,2.0137199999999993
30,2.0055538095238092
31,1.9956880952380947
32,1.9977185714285706
33,1.9848904761904764
34,1.9757233333333333
35,1.9659080952380952
36,1.9549180952380949
37,1.9432761904761904
38,1.9316690476190479
39,1.9181409523809525
40,1.9059623809523818
41,1.8941490476190479
42,1.8810809523809522
43,1.8680928571428566
44,1.8554842857142857
45,1.8396747619047615
46,1.8245452380952376
47,1.8114952380952376
48,1.7981571428571432
49,1.7828552380952387
50,1.7667271428571429
51,1.7499961904761903
52,1.7329009523809518
53,1.7164233333333332
54,1.699614285714286
55,1.6822814285714287
56,1.6629342857142859
57,1.6432238095238092
58,1.6246695238095239
59,1.604924285714286
60,1.5845299999999998
61,1.5659766666666666
62,1.5440114285714284
63,1.524333809523809
64,1.5306599999999999
65,1.507332857142857
66,1.4829261904761903
67,1.4579480952380954
68,1.4331319047619044
69,1.4082647619047621
70,1.3852866666666668
71,1.362325238095238
72,1.3393290476190474
73,1.3171919047619047
74,1.293927619047619
75,1.2716776190476191
76,1.2488885714285713
77,1.2267819047619046
78,1.2034709523809521
79,1.1799709523809527
80,1.1573242857142856
81,1.133091904761905
82,1.1090204761904761
83,1.0834242857142857
84,1.0581138095238092
85,1.0334547619047623
86,1.0086980952380951
87,0.98215314285714328
88,0.95484514285714284
89,0.92929728571428583
90,0.90279799999999977
91,0.87579128571428577
92,0.84868942857142859
93,0.82138142857142837
94,0.79394657142857128
95,0.76600428571428547
96,0.73809371428571446
97,0.70862914285714274
98,0.67813352380952396
99,0.64674957142857148
100,0.61419285714285721
101,0.58006528571428584
102,0.54233914285714258
103,0.5016625714285714
104,0.45297714285714286
105,0.40223028571428576
106,0.34807414285714294
107,0.29729657142857141
108,0.24954671428571423
109,0.20568285714285717
110,0.16506971428571426
111,0.12978457142857142
112,0.099368714285714282
113,0.072901233333333315
114,0.049954276190476196
115,0.032510123809523797
116,0.018190076190476193
117,0.0087861052380952369
118,0.0017767345714285714
119,-0.0029014638095238091
120,-0.0052960676190476194
121,-0.0066757390476190467
122,-0.007325929047619046
123,-0.0075320871428571409
124,-0.0075320866666666649
125,-0.0076272371428571413
126,-0.0077382457142857117
127,-0.0078175371428571422
