0,2.6514181012214779
1,2.6490149899915756
2,2.6463017873431918
3,2.6405401782368401
4,2.6405401782368401
5,2.6384059385915402
6,2.632889356981269
7,2.6325816753376912
8,2.6282608151504991
9,2.6254699923841631
10,2.6239150962327211
11,2.6201704087829349
12,2.6164074577759835
13,2.612310317601513
14,2.6126262432118668
15,2.6066019686410073
16,2.6088267650905852
17,2.6024537158725263
18,2.5989269142435889
19,2.595061991709132
20,2.5921513143488992
21,2.5869514107679787
22,2.5836849830963518
23,2.5800772637627523
24,2.5777734520623836
25,2.5731471846137071
26,2.5678295825532773
27,2.5618084701763184
28,2.5587825041114804
29,2.5554082707204757
30,2.5486217548610379
31,2.5438410081580058
32,2.5554082707204757
33,2.5482810973503565
34,2.5421275741839495
35,2.5424705146392768
36,2.5345507961114473
37,2.5286539688248659
38,2.524469434040018
39,2.5178065691196676
40,2.5135748534788092
41,2.50576927362071
42,2.4971840852912264
43,2.4928640957907366
44,2.4859867609039532
45,2.4805249442775215
46,2.4717266811144438
47,2.4635974304376949
48,2.4628553637227055
49,2.4539109921023061
50,2.4452707508782585
51,2.436183314726732
52,2.4270228243465444
53,2.4185615320541118
54,2.4127572737308327
55,2.3994953052597432
56,2.3888592973445748
57,2.3797260669073252
58,2.370124207228979
59,2.3584244910643011
60,2.3462090916327742
61,2.335117636260799
62,2.3214358510728745
63,2.3109789103570271
64,2.4080933205703987
65,2.3975326498285368
66,2.3856901313557999
67,2.3745341279450076
68,2.3636823817608255
69,2.3535520289595642
70,2.3408803028219767
71,2.3280866928063624
72,2.3168445630877743
73,2.3004427007298727
74,2.2868406832117349
75,2.2692232967853871
76,2.2527046151972305
77,2.2346764255649245
78,2.2182240676391971
79,2.197527665849921
80,2.1902660095934636
81,2.166902790780056
82,2.1474147934396681
83,2.1206089454759356
84,2.1005935879224023
85,2.0774449402180295
86,2.0490837813618721
87,2.0227944787891383
88,1.9946300165381763
89,1.9681211622261334
90,1.9386693814180942
91,1.900348624492803
92,1.8678088148109588
93,1.8282474043010151
94,1.7974408141134897
95,1.7533051948905283
96,1.7623079769300669
97,1.7192555892538093
98,1.6760515040263217
99,1.6297716924600638
100,1.5839017791628538
101,1.5317814941493433
102,1.479967740744536
103,1.4361059978160824
104,1.3820098156492113
105,1.3283022242680285
106,1.2790197989215017
107,1.2263374690965216
108,1.1749087038548633
109,1.124129419239787
110,1.0677505118375747
111,1.0169373464184837
112,0.97552636864676656
113,0.92788454245594343
114,0.88189287906549296
115,0.81457177677194958
116,0.76659598938646689
117,0.70971326082380171
118,0.65983781839517475
119,0.61799532983522143
120,0.56477869677508585
121,0.51971880391552205
122,0.46301525225733142
123,0.41784031579112479
124,0.36326912701201941
125,0.31226322080536617
