0,2.2802023809523808
8,2.2390814285714287
16,2.1916338095238093
24,2.1363209523809528
32,2.0832114285714289
40,2.005077142857143
48,1.9151128571428568
56,1.7977452380952381
64,1.7044509523809523
72,1.508141428571429
80,1.2943071428571427
88,1.0745590476190476
92,0.95685900000000013
96,0.83616128571428594
100,0.70209500000000002
104,0.54252933333333331
108,0.3240812380952382
112,0.13731771428571424
116,0.02992521904761905
120,-0.0040432623809523813
124,-0.0070721980952380943
127,-0.0071514890476190481
