0,2.7612488322605149
1,2.7500450269039987
2,2.7459039119453927
3,2.7456270345333067
4,2.7431306204910268
5,2.7406260752484357
6,2.7389518610865351
7,2.7353119994982387
8,2.7333450470643856
9,2.7302441836774736
10,2.7288306849122255
11,2.7268475704629385
12,2.7228665849415772
13,2.720010977632207
14,2.7177192640511008
15,2.7142696474567578
16,2.7145576676248262
17,2.7108055753951947
18,2.7087781910775455
19,2.7041256989052807
20,2.7020821525721979
21,2.6997406479373329
22,2.6976865611594016
23,2.6897175782141893
24,2.6870449881651624
25,2.6834688862326423
26,2.6825726020827592
27,2.6774765930846187
28,2.6735600699153568
29,2.6681091842132547
30,2.6656761282859947
31,2.6614028210941791
32,2.6696265816491489
33,2.6659806116250637
34,2.6598718716577658
35,2.6592587891868775
36,2.6500143672328171
37,2.647223423045924
38,2.6403668836840599
39,2.6375479320294279
40,2.6337766812894339
41,2.6261908134077854
42,2.6204634668950955
43,2.6175875968382836
44,2.6105234609055064
45,2.6027617181726774
46,2.600812247822458
47,2.5913388623129627
48,2.5910106880692827
49,2.5817810528594936
50,2.5761389484330324
51,2.5674537322248354
52,2.5630856764753185
53,2.5553160183732984
54,2.5430482053167789
55,2.5361765379128558
56,2.5285713258112086
57,2.518821695322246
58,2.5065239825401378
59,2.4990863283797236
60,2.4855151842925478
61,2.4765077466883079
62,2.4637919295938913
63,2.4520584267563561
64,2.5474932565062818
65,2.5368655115866505
66,2.5285713258112086
67,2.5170724080996933
68,2.5142683285137801
69,2.4955290285990364
70,2.4887425028961525
71,2.4692566232698527
72,2.4641569452019452
73,2.448739858015923
74,2.4323986950433993
75,2.4215221253616477
76,2.4040964710705519
77,2.3899260424656115
78,2.3693884422745901
79,2.3580315294633318
80,2.3469861269543753
81,2.3326692514193819
82,2.3109500021075511
83,2.2905785845866005
84,2.2678801630802319
85,2.2444570458335162
86,2.2249811244416788
87,2.1940706372845007
88,2.1652788699062473
89,2.1431758078745355
90,2.1068362537627654
91,2.0771985554573007
92,2.0438740052743376
93,2.0090814923507101
94,1.9727764456624881
95,1.9285431523743284
96,1.946628402581047
97,1.9038852872818119
98,1.8543223234369415
99,1.803259890962793
100,1.7506678743026574
101,1.6943709665524833
102,1.6358518017512749
103,1.5722525390340265
104,1.5175757830110921
105,1.4584829921582905
106,1.403035809931038
107,1.3436915993619438
108,1.2815175855170664
109,1.218278585201773
110,1.1501959091513463
111,1.0969148034307619
112,1.0383942884991466
113,0.99215810997874376
114,0.93016552733193336
115,0.87132603345180826
116,0.81579863847779155
117,0.7554573821697832
118,0.69433874295792908
119,0.64587243719952792
120,0.58908132320230111
121,0.53092575865504132
122,0.47649076034805216
123,0.42370192355299663
124,0.37708480334097505
125,0.31731425693334803
