0,2.7124157973480485
1,2.7083085278780348
2,2.7069330965417921
3,2.7044493298302958
4,2.702510408782457
5,2.7002868891980127
6,2.6972162960074306
7,2.6969363901903747
8,2.6952542918526192
9,2.6918763975092341
10,2.6887639503334819
11,2.6859211357238806
12,2.6847804586328134
13,2.6827793907585096
14,2.6787586109619625
15,2.676738899039719
16,2.6761606970181839
17,2.6744230470273838
18,2.6718080109987628
19,2.6688903665368877
20,2.6633119003232202
21,2.6618362730830856
22,2.6585787320920771
23,2.6553058446398392
24,2.6550075484353597
25,2.6493158228012166
26,2.6459996862309696
27,2.6411488195203172
28,2.6377950143634172
29,2.6347327834073173
30,2.627641520125342
31,2.625159266814391
32,2.6359591977528543
33,2.6316578694254087
34,2.6270217177791531
35,2.6226688963669216
36,2.6176638040624303
37,2.6116780858900306
38,2.6088267650905852
39,2.6040517343117191
40,2.5992481667247826
41,2.5947390904345831
42,2.5892303637377614
43,2.5833576427627696
44,2.5771140786756694
45,2.5718208280247938
46,2.5621440544766765
47,2.5570969727942043
48,2.5567594860399749
49,2.5482810973503565
50,2.5414413127825202
51,2.5328202400525486
52,2.5265639843770873
53,2.5185100794361972
54,2.5075486593289744
55,2.5018434639998173
56,2.4943061215750295
57,2.4848966805233128
58,2.4746675526386546
59,2.4658205866564695
60,2.4531623302138956
61,2.4464015437717466
62,2.4327566918765831
63,2.4231843922109242
64,2.5142814077215334
65,2.5014858112345508
66,2.4953863091955388
67,2.4827130953450629
68,2.4739330957391505
69,2.4621127896866835
70,2.4565273135586123
71,2.4437612513966611
72,2.4335190514328668
73,2.4185615320541118
74,2.4057544951562448
75,2.394779605354008
76,2.378130830171258
77,2.364892697226137
78,2.3470270028421027
79,2.3309862262289873
80,2.3264270262991849
81,2.3084574493712209
82,2.2859862448880763
83,2.2666272596078234
84,2.238652096602352
85,2.2213499930725158
86,2.1993380067037118
87,2.1710496826659078
88,2.148814212819794
89,2.1215564772090332
90,2.0900200645117124
91,2.0574407351646564
92,2.0232938009526924
93,1.9890509745030593
94,1.9480144611991177
95,1.91091468204337
96,1.9350240860778909
97,1.8891996636385993
98,1.8456725931190658
99,1.7979944196275073
100,1.7454011262517326
101,1.6893766013237568
102,1.6421511604782721
103,1.5814983800222269
104,1.5311699272073778
105,1.4706211133127587
106,1.4196562091377021
107,1.3601147651703431
108,1.2968436580534946
109,1.2397495976386643
110,1.1776337445300107
111,1.1234384565562567
112,1.0621370731148585
113,1.0084045630652239
114,0.94382653703113384
115,0.8811587940942105
116,0.82276529774736695
117,0.76885645938877722
118,0.71352763802314478
119,0.65597905060549877
120,0.59693539666802153
121,0.53874161516491093
122,0.49503954992337018
123,0.43724970566717802
124,0.37553602113635565
125,0.31722058372807904
