0,2.2942842857142858
8,2.2524342857142856
16,2.2055257142857143
24,2.1499585714285718
32,2.0954228571428564
40,2.0174623809523804
48,1.9245642857142853
56,1.8080852380952375
64,1.7153928571428567
72,1.5180828571428568
80,1.3045214285714284
88,1.0858509523809521
92,0.96970428571428591
96,0.84769042857142873
100,0.71692242857142852
104,0.56365214285714282
108,0.35089752380952383
112,0.15002028571428569
116,0.034809585714285704
120,-0.0032503461904761903
124,-0.0070880557142857133
127,-0.0071673471428571429
