0,2.2779995238095236
8,2.2358942857142865
16,2.1885733333333337
24,2.1322909523809521
32,2.0779147619047613
40,2.0004771428571426
48,1.9067071428571427
56,1.7898642857142861
64,1.6971561904761903
72,1.4996095238095235
80,1.286489523809524
88,1.0706428571428572
92,0.95265680952380971
96,0.82958042857142844
100,0.69578385714285707
104,0.53675642857142869
108,0.32027457142857141
112,0.13508185714285709
116,0.029179876190476201
120,-0.0038529619047619054
124,-0.0066123066666666655
127,-0.0068343233333333321
