0,2.2384480952380947
1,2.2344357142857145
2,2.2273309523809521
3,2.2230004761904767
4,2.216530952380952
5,2.2123919047619047
6,2.2073823809523812
7,2.1991028571428579
8,2.1942971428571427
9,2.1877795238095241
10,2.1819933333333332
11,2.1752852380952383
12,2.1696390476190479
13,2.1626447619047613
14,2.1559371428571432
15,2.1491176190476184
16,2.144661904761906
17,2.1371442857142862
18,2.1307699999999996
19,2.1220795238095236
20,2.1147042857142857
21,2.1074733333333335
22,2.0994347619047624
23,2.0900452380952377
24,2.0840828571428567
25,2.0756299999999999
26,2.0675599999999994
27,2.0573452380952375
28,2.0489404761904759
29,2.0405361904761903
30,2.0296257142857144
31,2.0211409523809527
32,2.0227119047619047
33,2.0126109523809528
34,2.0033790476190472
35,1.9925328571428564
36,1.9819223809523809
37,1.9714576190476187
38,1.9598019047619046
39,1.9481304761904763
40,1.9369976190476192
41,1.9249595238095234
42,1.9122590476190484
43,1.8973519047619045
44,1.8856471428571433
45,1.8723438095238096
46,1.8590847619047619
47,1.8442580952380958
48,1.8309200000000003
49,1.8164419047619045
50,1.8025333333333331
51,1.7850576190476193
52,1.7686147619047621
53,1.7517571428571432
54,1.733884285714286
55,1.7176290476190477
56,1.7010566666666669
57,1.682392857142857
58,1.6627580952380956
59,1.644854761904762
60,1.6247800000000006
61,1.6055742857142858
62,1.5836099999999997
63,1.5639004761904762
64,1.5726047619047616
65,1.5475642857142855
66,1.5251728571428571
67,1.49859380952381
68,1.4745842857142857
69,1.448814761904762
70,1.4235533333333337
71,1.39897380952381
72,1.373282857142857
73,1.3507947619047618
74,1.3279104761904765
75,1.3050609523809524
76,1.2817790476190476
77,1.2585952380952383
78,1.2359500000000001
79,1.2122409523809521
80,1.1859166666666667
81,1.1609557142857143
82,1.1353600000000004
83,1.110368095238095
84,1.0850738095238097
85,1.0597961904761906
86,1.0333276190476193
87,1.0074147619047618
88,0.9799014285714287
89,0.95297399999999988
90,0.9261100000000001
91,0.89932528571428549
92,0.87165257142857144
93,0.84359928571428577
94,0.8149749523809523
95,0.7862231428571429
96,0.75520457142857167
97,0.72667557142857131
98,0.69533985714285695
99,0.66368609523809541
100,0.63051085714285704
101,0.59622538095238076
102,0.55856199999999978
103,0.51799642857142858
104,0.47189571428571414
105,0.42095957142857138
106,0.3670254285714285
107,0.31377314285714286
108,0.26347028571428571
109,0.21718028571428569
110,0.17469599999999996
111,0.13703228571428572
112,0.10168371428571429
113,0.073503842857142856
114,0.050731328571428556
115,0.032018519047619064
116,0.01804735238095238
117,0.0080566242857142856
118,0.00065079550952380956
119,-0.0032820638095238087
120,-0.0055498009523809542
121,-0.006913613809523809
122,-0.0073100709523809511
123,-0.0075638042857142833
124,-0.0077223876190476185
125,-0.0077699623809523799
126,-0.0077541042857142851
127,-0.0078492547619047597
