0,2.7620619974738814
1,2.7497696552697479
2,2.7489429380558623
3,2.7459039119453927
4,2.7431306204910268
5,2.7392311477431579
6,2.7367139539667487
7,2.7353119994982387
8,2.7316551728129963
9,2.7302441836774736
10,2.7271311736826895
11,2.7231515935539745
12,2.7208687138695029
13,2.7180060795969005
14,2.7142696474567578
15,2.712828040838581
16,2.7113839245906788
17,2.7099372987130508
18,2.7058733950255509
19,2.7026665248790236
20,2.6982739450218989
21,2.6953330103018533
22,2.6909027859988424
23,2.6897175782141893
24,2.685556702434087
25,2.6828714638512423
26,2.6789784308162132
27,2.6741637161784766
28,2.6687164443431795
29,2.6641522058128135
30,2.6623201861337584
31,2.6552639655701724
32,2.6641522058128135
33,2.6589520973736498
34,2.6580314196228323
35,2.6540313759762979
36,2.6493948601098305
37,2.6447357575758321
38,2.6406795986086298
39,2.6334617578907058
40,2.6309387568340754
41,2.6230129696416302
42,2.6159863777695498
43,2.611167662784994
44,2.6060028046079218
45,2.6001616212908725
46,2.5936332712334305
47,2.5880526025426551
48,2.5827737067908454
49,2.5811187816459809
50,2.5704678326869415
51,2.5624121621206339
52,2.5532804175308912
53,2.5468105067142068
54,2.537554083719689
55,2.5282244799223692
56,2.521964088055932
57,2.5111060595126666
58,2.5044034558278114
59,2.4937466142641038
60,2.4826396304520446
61,2.4717990839924129
62,2.4564705365431152
63,2.4457831929426845
64,2.5396173908742687
65,2.530996436247793
66,2.5191712516111897
67,2.5086408953856592
68,2.5012158897590622
69,2.4901742567050618
70,2.4768692488147459
71,2.4688930130544451
72,2.4527947822393728
73,2.4361296612011079
74,2.4260330141744122
75,2.4143503213032682
76,2.3960706600876129
77,2.3794987266262519
78,2.3635247174722358
79,2.3454017876581403
80,2.3378542418372228
81,2.3202365808009975
82,2.2958992957800093
83,2.275342165659354
84,2.25411535088194
85,2.2330512755566847
86,2.2052927879898547
87,2.1801656020378766
88,2.1599970228417349
89,2.1311358039734145
90,2.0918424256951833
91,2.0661481939318604
92,2.031712249199666
93,1.9910014471130784
94,1.9500344770848292
95,1.9147656665607402
96,1.9285431523743284
97,1.8889701059994666
98,1.8380915641308779
99,1.7882640150492102
100,1.7327332470617098
101,1.6755346644829288
102,1.6155342860961039
103,1.5672191904945891
104,1.5050434650614919
105,1.4428164729182851
106,1.3853379512087907
107,1.3299004360811695
108,1.2625965182057508
109,1.2096007774560926
110,1.1596358563128824
111,1.0949988065307155
112,1.030615259472333
113,0.98232515480215721
114,0.92351837143291338
115,0.88073886155156345
116,0.82464678482851284
117,0.7554573821697832
118,0.70690352546580604
119,0.65222123325600956
120,0.58979517734223341
121,0.53814109472396909
122,0.48378138530875159
123,0.43547774873880529
124,0.3934090714209808
125,0.32632079605161612
