0,2.7527932220611069
1,2.7445185210330729
2,2.7434084013698143
3,2.7400684054018916
4,2.7341886289900281
5,2.7327821571880122
6,2.7308088804872499
7,2.7291135854356532
8,2.7248595371393889
9,2.7208687138695029
10,2.7182927947575113
11,2.7165709980160111
12,2.7142696474567578
13,2.709647672381958
14,2.7064551573174622
15,2.7032504956450936
16,2.7020821525721979
17,2.6997406479373329
18,2.6956275555072087
19,2.6917906377928471
20,2.6885307642665124
21,2.6867475317893255
22,2.6810767874625063
23,2.6783779968791426
24,2.6762733159659406
25,2.6702328379271831
26,2.6687164443431795
27,2.6647620759576531
28,2.6589520973736498
29,2.6552639655701724
30,2.6512521768565214
31,2.6469128162103241
32,2.6515613782994749
33,2.6500143672328171
34,2.6450470671077548
35,2.6406795986086298
36,2.6362924546124544
37,2.6303070027180273
38,2.6252385143224237
39,2.6198250873565714
40,2.6163068223536747
41,2.6105234609055064
42,2.6050315327218332
43,2.5988591636054328
44,2.5936332712334305
45,2.5854163669927992
46,2.5794613468713905
47,2.5731402069048479
48,2.5711365285525525
49,2.5630856764753185
50,2.5556549338322045
51,2.5478344808245361
52,2.5403043568442829
53,2.5320342635142081
54,2.523706348315252
55,2.5125125162539406
56,2.5093457299193207
57,2.4955290285990364
58,2.4876676334949854
59,2.4736121158099991
60,2.4634268136006483
61,2.4520584267563561
62,2.4417072882147277
63,2.4260330141744122
64,2.5191712516111897
65,2.5125125162539406
66,2.5029877636491467
67,2.4944598811536438
68,2.4847968981435562
69,2.4714361764733281
70,2.4583046492503975
71,2.446153127425001
72,2.4365022056983392
73,2.423027361128927
74,2.4101816606606481
75,2.3910801157809227
76,2.3748408738967481
77,2.3639163351553827
78,2.345005451871109
79,2.326264435387416
80,2.317415852334447
81,2.2999806062474315
82,2.2761692693532538
83,2.2591333856696822
84,2.2326274342278594
85,2.2138790344224044
86,2.1849570523932371
87,2.1617592446929299
88,2.1351572698074328
89,2.1036648798309345
90,2.0716806024281906
91,2.0406063619462271
92,2.00338766447042
93,1.9665082990550176
94,1.9309951359200883
95,1.887473618804375
96,1.9019018164739954
97,1.8558386868994607
98,1.8130389995358396
99,1.7601156966911642
100,1.6997301804762528
101,1.6500467594445529
102,1.5939697555013221
103,1.5379784102458181
104,1.4769559550465199
105,1.4241539827931673
106,1.3544476415338844
107,1.3015533600888511
108,1.2454236037584241
109,1.1853231363574068
110,1.1394699975968567
111,1.0873257842635173
112,1.0319127681620257
113,0.97246961295803835
114,0.91219516800369727
115,0.86054442317814939
116,0.81170915666783738
117,0.75269612691736487
118,0.68874395511699138
119,0.64304814004839894
120,0.57764600457768145
121,0.52153081417967595
122,0.4728416834231135
123,0.41927936368584229
124,0.36816017853695504
125,0.31881635063828329
