0,2.2895747619047619
8,2.2467890476190484
16,2.2018785714285718
24,2.1447880952380962
32,2.0889671428571424
40,2.0101519047619041
48,1.9160966666666663
56,1.7930995238095242
64,1.6935238095238099
72,1.4896819047619048
80,1.2748971428571427
88,1.0571790476190477
92,0.94084228571428574
96,0.81640228571428586
100,0.68507928571428578
104,0.5316345714285714
108,0.32247923809523815
112,0.13368642857142854
116,0.027768485714285716
120,-0.0053119257142857151
124,-0.0085628804761904743
127,-0.0087056057142857121
