0,2.2930157142857146
8,2.2517523809523801
16,2.2058900000000001
24,2.1505609523809524
32,2.0975147619047614
40,2.0201738095238091
48,1.9278471428571431
56,1.8111771428571422
64,1.7211809523809523
72,1.5227623809523811
80,1.3057099999999999
88,1.0842176190476192
92,0.96537499999999998
96,0.84267933333333345
100,0.70674209523809539
104,0.53824699999999992
108,0.30506657142857146
112,0.1185575714285714
116,0.020473680952380953
120,-0.0063585738095238084
124,-0.008340861904761904
127,-0.0084677309523809516
