0,2.6927225833035644
1,2.6910290702425801
2,2.6879124376683117
3,2.6881964020536264
4,2.6850658181509672
5,2.6810592433433267
6,2.6781821845640401
7,2.6761606970181839
8,2.6750027710120161
9,2.6729715175362867
10,2.6697669915931601
11,2.6650784676128647
12,2.6656663087340151
13,2.6618362730830856
14,2.6573903668239671
15,2.6550075484353597
16,2.6553058446398392
17,2.6529159237567788
18,2.6499171079297246
19,2.6450926219127551
20,2.6429716994445545
21,2.6408445622937076
22,2.6371835828142616
23,2.632889356981269
24,2.6313496804607981
25,2.6273316823673767
26,2.6220450354524734
27,2.6189181210647474
28,2.6142039688097651
29,2.6100952870818084
30,2.6062836332557495
31,2.5995692923757185
32,2.6132577139418003
33,2.6050090234121379
34,2.602773573220881
35,2.596352328504747
36,2.5937696256293874
37,2.5882544305894033
38,2.5830301755989291
39,2.5777734520623836
40,2.569494821029259
41,2.5684960584344445
42,2.5618084701763184
43,2.5550701498149553
44,2.5493026893916273
45,2.5421275741839495
46,2.5380023959598881
47,2.5296972488402707
48,2.5290018556602587
49,2.5206175664595922
50,2.5128677919150531
51,2.5047001202326546
52,2.4975432600195897
53,2.4885258427330816
54,2.4816195905474534
55,2.4702532014261442
56,2.4628553637227055
57,2.4539109921023061
58,2.4456478086730122
59,2.4331379350698539
60,2.4243372535693202
61,2.4123693085338824
62,2.4030200947296549
63,2.3892548723570104
64,2.4816195905474534
65,2.4750345908430194
66,2.4617413124232854
67,2.4542851328011239
68,2.4441388165124476
69,2.4323753218530535
70,2.4224151838207031
71,2.4080933205703987
72,2.3994953052597432
73,2.3856901313557999
74,2.3737334656507798
75,2.3592347924581438
76,2.3453906731024139
77,2.3305723876593869
78,2.3143337558436485
79,2.2932327997812685
80,2.2868406832117349
81,2.2683584583805652
82,2.2474501403551219
83,2.2284716287240398
84,2.2070093161312525
85,2.1843420063814416
86,2.1599684748571812
87,2.1324166284404584
88,2.1115820913750158
89,2.0813233410100533
90,2.0505612013507246
91,2.0192956723970306
92,1.9900664872544942
93,1.9521546396438425
94,1.9156528565924444
95,1.8785296052763971
96,1.8950465711788058
97,1.8494670408427845
98,1.8029711618920516
99,1.7578106444785564
100,1.7112449831982164
101,1.6603233880790342
102,1.6108001891353609
103,1.5585648776403134
104,1.504135419805386
105,1.4487013394961155
106,1.3909828097032026
107,1.332865517016298
108,1.2823274892397689
109,1.2236489555357049
110,1.1633046417844184
111,1.1088989424124904
112,1.0558122520370583
113,1.004843846382063
114,0.94599568924761823
115,0.88556140146803064
116,0.82797136624364565
117,0.77863863905194441
118,0.71733884446603668
119,0.6675458417051694
120,0.60786690356746309
121,0.55690325752441061
122,0.5022170508263204
123,0.4453153903049909
124,0.40161001891418824
125,0.34686887758923968
