0,2.3129885714285714
8,2.2699600000000002
16,2.2227938095238096
24,2.1653609523809525
32,2.1091052380952382
40,2.0281438095238098
48,1.9317914285714282
56,1.8100804761904763
64,1.7089180952380951
72,1.5090009523809524
80,1.2985771428571429
88,1.081355238095238
92,0.96538966666666648
96,0.84616133333333332
100,0.71827361904761899
104,0.5744515238095238
108,0.38503933333333329
112,0.18204904761904761
116,0.054161176190476175
120,0.003286219047619048
124,-0.0042272295238095243
127,-0.0047047790476190468
