0,2.2491042857142851
8,2.2062414285714289
16,2.158046190476191
24,2.1001633333333336
32,2.0429471428571424
40,1.961735238095238
48,1.8638747619047624
56,1.7407033333333333
64,1.6290766666666665
72,1.4303080952380955
80,1.2298909523809523
88,1.0178342857142855
92,0.90278214285714309
96,0.78306757142857142
100,0.65095238095238106
104,0.48502642857142864
108,0.27166942857142856
112,0.10805928571428575
116,0.020299242857142859
120,-0.0049789023809523811
124,-0.0068026066666666656
127,-0.0068026066666666656
