0,2.2230323809523811
1,2.2187361904761898
2,2.2137733333333336
3,2.208141428571428
4,2.2020361904761909
5,2.1964233333333341
6,2.1889542857142863
7,2.1851333333333338
8,2.1774409523809526
9,2.1723014285714286
10,2.1647057142857142
11,2.1595847619047617
12,2.1517499999999998
13,2.1453604761904765
14,2.1384619047619045
15,2.1312942857142865
16,2.1280119047619044
17,2.1187800000000001
18,2.1122466666666662
19,2.1049838095238096
20,2.0957719047619046
21,2.0899657142857135
22,2.0803090476190484
23,2.0717447619047618
24,2.0640852380952381
25,2.0565538095238094
26,2.0465299999999997
27,2.0372533333333336
28,2.0286895238095246
29,2.0207599999999997
30,2.0101533333333337
31,2.002192857142858
32,2.0022080952380952
33,1.9917085714285714
34,1.9816695238095232
35,1.9705233333333332
36,1.9592471428571432
37,1.9486699999999995
38,1.9367104761904763
39,1.9232800000000001
40,1.9122747619047626
41,1.9001899999999996
42,1.8878542857142864
43,1.8738980952380946
44,1.8601785714285715
45,1.8475728571428576
46,1.8326814285714281
47,1.818710476190476
48,1.8056119047619041
49,1.7906876190476193
50,1.7738766666666668
51,1.7589557142857144
52,1.7420666666666669
53,1.7247185714285718
54,1.7073857142857143
55,1.6890676190476186
56,1.6715614285714282
57,1.6504214285714287
58,1.6341971428571429
59,1.6139476190476185
60,1.5935852380952382
61,1.5749219047619045
62,1.5526399999999998
63,1.5336257142857141
64,1.5396514285714287
65,1.515466666666667
66,1.4918076190476195
67,1.4669104761904765
68,1.4425342857142855
69,1.4166709523809524
70,1.3915985714285715
71,1.366462380952381
72,1.3439761904761902
73,1.3218699999999999
74,1.2992699999999999
75,1.2784957142857143
76,1.2562780952380952
77,1.2340147619047619
78,1.2106390476190476
79,1.1875495238095239
80,1.1630785714285712
81,1.138991904761905
82,1.1153466666666663
83,1.0899895238095239
84,1.0652657142857143
85,1.0391795238095238
86,1.015724761904762
87,0.98971699999999985
88,0.96263099999999979
89,0.93651228571428546
90,0.9097119523809527
91,0.88307042857142815
92,0.85677757142857136
93,0.82932685714285714
94,0.8020347142857146
95,0.77342590476190476
96,0.74353271428571421
97,0.71474999999999989
98,0.68474628571428553
99,0.65388628571428575
100,0.62131271428571433
101,0.58769357142857137
102,0.55068000000000006
103,0.51044742857142855
104,0.46379271428571428
105,0.41364842857142847
106,0.36091942857142861
107,0.30977704761904767
108,0.26136128571428574
109,0.21603857142857139
110,0.17502900000000002
111,0.13804714285714287
112,0.10449133333333334
113,0.077119547619047615
114,0.053490647619047621
115,0.034619295238095246
116,0.02082256666666667
117,0.01007063714285714
118,0.002823384285714286
119,-0.0023939976190476197
120,-0.0050899090476190468
121,-0.0064854404761904745
122,-0.0072466371428571413
123,-0.0075796623809523799
124,-0.0077541042857142842
125,-0.0077223871428571417
126,-0.0074686542857142837
127,-0.0075955209523809507
