0,2.2230652380952387
8,2.1814061904761903
16,2.1303095238095242
24,2.0687485714285723
32,2.0083119047619049
40,1.9206157142857141
48,1.8143338095238093
56,1.6821390476190476
64,1.548072857142857
72,1.3495261904761902
80,1.1602100000000002
88,0.95455971428571451
92,0.84486785714285706
96,0.72843571428571441
100,0.59939714285714285
104,0.43762642857142853
108,0.24317214285714284
112,0.096704533333333328
116,0.017809480952380951
120,-0.0057242414285714289
124,-0.0079919785714285697
127,-0.0080712704761904761
