0,2.6744230470273838
1,2.6726808311472929
2,2.6677197575049107
3,2.668012600008292
4,2.6641957547042039
5,2.6597650680760569
6,2.6597650680760569
7,2.6582818310204366
8,2.6538130953148618
9,2.6508180843955507
10,2.6484129438815192
11,2.6463017873431918
12,2.6429716994445545
13,2.6405401782368401
14,2.6359591977528543
15,2.6344258627452879
16,2.632273866863855
17,2.6294978832377156
18,2.627641520125342
19,2.6239150962327211
20,2.619857527098775
21,2.6176638040624303
22,2.613888677350702
23,2.6081917431134247
24,2.6056465819944599
25,2.6011730181765258
26,2.5976406360162327
27,2.5924752302655132
28,2.5895554211266982
29,2.5840121965996756
30,2.5810627091804674
31,2.5754634256793687
32,2.5840121965996756
33,2.5800772637627523
34,2.5754634256793687
35,2.571156888748789
36,2.5661611733208436
37,2.5608009562936953
38,2.5574343327181759
39,2.5499831166011844
40,2.5455512713756101
41,2.5414413127825202
42,2.5321271298171824
43,2.5255172799447143
44,2.5216695977628052
45,2.5128677919150531
46,2.5061254044228791
47,2.4993372312075346
48,2.4989786906304619
49,2.4910587098795638
50,2.4830773432837496
51,2.4757682867609749
52,2.4665606240873297
53,2.459509785407477
54,2.4497870736182739
55,2.4422497226309341
56,2.4293197957755281
57,2.4224151838207031
58,2.4108161794435019
59,2.40067137655537
60,2.3908359041041716
61,2.3789287021998078
62,2.3652958820540579
63,2.3539587650347116
64,2.4497870736182739
65,2.441871523363857
66,2.4304665692815361
67,2.4204899433156335
68,2.4104275800952615
69,2.399103027834018
70,2.385293414871041
71,2.3729322960355197
72,2.3612583264132341
73,2.3515164461299549
74,2.3338795449689655
75,2.3160081346607648
76,2.3071950066698337
77,2.2911052650145431
78,2.2713831732679264
79,2.2535785853806356
80,2.2426174943888739
81,2.223133445911591
82,2.204756853560307
83,2.182971884790935
84,2.1604316503971797
85,2.1366479892781989
86,2.1106292327710783
87,2.0856768393863354
88,2.0638066149958694
89,2.0347432055632111
90,2.0006987416372328
91,1.9670947420725027
92,1.9350240860778909
93,1.8987593402163139
94,1.8629679077528301
95,1.822227500288772
96,1.8396973333576703
97,1.7930074041120574
98,1.7510494261703196
99,1.7043589639160179
100,1.657400627594074
101,1.6102052369572055
102,1.5512846699159664
103,1.5010477799849076
104,1.4512143199797334
105,1.4012072207886801
106,1.345220270259283
107,1.2895932468772464
108,1.2357312859468617
109,1.181037191693137
110,1.1248202550930604
111,1.0726556121314021
112,1.0261605851342421
113,0.97337281655202834
114,0.91697980530351098
115,0.8649768366707109
116,0.80412146387170758
117,0.75527651729007483
118,0.69978104096531113
119,0.64902527827782319
120,0.59927995513144561
121,0.54348590325402979
122,0.49424141567175273
123,0.4364424396369766
124,0.3902186254989064
125,0.3444044645319182
