0,2.2974252380952378
8,2.2556052380952383
16,2.2100928571428571
24,2.154430476190476
32,2.0987838095238098
40,2.0190319047619041
48,1.9249604761904759
56,1.8054209523809517
64,1.7025323809523802
72,1.5006557142857144
80,1.2885190476190478
88,1.071895238095238
92,0.95614542857142859
96,0.83268857142857167
100,0.70158757142857142
104,0.55093371428571436
108,0.33564147619047618
112,0.14110757142857147
116,0.030147242857142858
120,-0.0049947599999999991
124,-0.0085787380952380941
127,-0.0085470214285714267
