0,2.235925714285715
8,2.1912533333333335
16,2.1418709523809532
24,2.0809752380952378
32,2.0219657142857139
40,1.9359976190476196
48,1.8330933333333326
56,1.7028166666666662
64,1.5779185714285713
72,1.3772309523809523
80,1.1848533333333333
88,0.97677657142857133
92,0.86564171428571424
96,0.74721238095238085
100,0.61879142857142866
104,0.45817842857142843
108,0.25923642857142859
112,0.10498285714285716
116,0.020679842857142854
120,-0.0054546504761904769
124,-0.0080078371428571413
127,-0.0081505623809523791
