0,2.3192133333333329
8,2.2780776190476191
16,2.2330552380952389
24,2.1780438095238095
32,2.1238876190476197
40,2.048005238095238
48,1.9562657142857145
56,1.8391033333333329
64,1.7464438095238091
72,1.5490866666666669
80,1.3271661904761909
88,1.1101452380952377
92,0.99390428571428568
96,0.87130371428571418
100,0.74315214285714282
104,0.60096700000000014
108,0.41892966666666664
112,0.19786428571428566
116,0.055631523809523804
120,0.00060322056190476188
124,-0.0072942138095238107
127,-0.0071514890476190481
