0,2.2558880952380949
8,2.2106480952380951
16,2.161062857142857
24,2.0995704761904763
32,2.0379176190476196
40,1.9515766666666667
48,1.847901428571429
56,1.718804285714286
64,1.5909009523809521
72,1.3904395238095237
80,1.1995638095238097
88,0.99323076190476223
92,0.88439723809523807
96,0.76723838095238095
100,0.64269338095238082
104,0.4922334285714286
108,0.30137276190476187
112,0.1373502857142857
116,0.038991009523809531
120,0.0014715296333333338
124,-0.0038451885714285718
127,-0.0040362090476190483
