0,2.1949790476190469
8,2.1495566666666668
16,2.1011047619047618
24,2.0422990476190481
32,1.9838747619047625
40,1.9015047619047618
48,1.8033485714285706
56,1.6805309523809522
64,1.5752671428571428
72,1.3817866666666663
80,1.191019523809524
88,0.98205895238095209
92,0.87066076190476205
96,0.75229709523809496
100,0.62313409523809526
104,0.45289790476190495
108,0.24618885714285704
112,0.093621500000000024
116,0.017162080952380941
120,-0.0027755028571428571
124,-0.0043251433333333341
127,-0.0043411185714285717
