0,2.7568966925738265
1,2.7494941832503086
2,2.7459039119453927
3,2.7431306204910268
4,2.7369940437048839
5,2.7378337106081543
6,2.7372740330578296
7,2.731937069484534
8,2.7291135854356532
9,2.7248595371393889
10,2.7234365017811828
11,2.7197248647827301
12,2.7165709980160111
13,2.7131165629325946
14,2.7110948001855313
15,2.708198034948659
16,2.7058733950255509
17,2.7041256989052807
18,2.7000336873648525
19,2.6988609273436395
20,2.6938587784972419
21,2.6897175782141893
22,2.6864499750282995
23,2.6789784308162132
24,2.676875155295658
25,2.6729560221114812
26,2.6729560221114812
27,2.6668934593311371
28,2.6623201861337584
29,2.6583384125916272
30,2.6549559687494875
31,2.6497046638639183
32,2.6583384125916272
33,2.6524883803172012
34,2.6509428750283788
35,2.647223423045924
36,2.642241667453642
37,2.6356641135928336
38,2.632201060443903
39,2.6246031463395707
40,2.618866765159868
41,2.6140616021758314
42,2.6121332127153076
43,2.6047075746560924
44,2.5982073324515791
45,2.5913388623129627
46,2.583434974152468
47,2.5787976702652307
48,2.5784656813843676
49,2.5694640359996077
50,2.5614011376996899
51,2.5512412028216787
52,2.5461273553813757
53,2.5382422543119718
54,2.5271833399447159
55,2.5181222815887923
56,2.5111060595126666
57,2.5033418372715963
58,2.4941032979014683
59,2.4819197381400291
60,2.4736121158099991
61,2.4583046492503975
62,2.4505845111680538
63,2.4350114253982804
64,2.5292647164333206
65,2.5174224663145823
66,2.5082883275410448
67,2.4976646130897167
68,2.4887425028961525
69,2.4783142534686071
70,2.4641569452019452
71,2.450953140642913
72,2.4417072882147277
73,2.4286576903667876
74,2.4113197727309039
75,2.3968369303569608
76,2.3829826297730166
77,2.368217504247522
78,2.3513347782409251
79,2.3322697033063018
80,2.322650433035669
81,2.3064898228759887
82,2.283183438543372
83,2.2633040389553405
84,2.2436146835908839
85,2.2202923681346962
86,2.1919047515274754
87,2.1665970730056219
88,2.1373879040113826
89,2.116320862312683
90,2.0767392781567477
91,2.0448067141870965
92,2.0095553255036718
93,1.9742205317889061
94,1.9368696571406314
95,1.8929563215713932
96,1.9078474104083714
97,1.8654213416575762
98,1.8140662712966644
99,1.7653504329805367
100,1.7061479863398243
101,1.6544007863490844
102,1.6044946256436698
103,1.5475677606901141
104,1.4907432183656639
105,1.4334980771599219
106,1.3758621514740297
107,1.3166591979266422
108,1.2638201433963172
109,1.1959244698923108
110,1.1501959091513463
111,1.0847648978484021
112,1.0312640640097737
113,0.96786263043789456
114,0.9241835387561661
115,0.86593844064102798
116,0.80488532283612546
117,0.75614744501991504
118,0.69363974582597354
119,0.6437543649139652
120,0.59407619409285584
121,0.54390613584550129
122,0.48523830567862358
123,0.42959304847195012
124,0.38154169494277701
125,0.33456409151694988
