0,2.2367504761904766
8,2.1939490476190477
16,2.1459933333333328
24,2.087174761904762
32,2.0303557142857147
40,1.9471623809523815
48,1.8500628571428572
56,1.7251152380952379
64,1.6113942857142862
72,1.4107714285714283
80,1.2117804761904762
88,0.99739285714285719
92,0.88276895238095221
96,0.7558071428571429
100,0.61224242857142863
104,0.41136500000000009
108,0.20920314285714281
112,0.073884447619047625
116,0.0077711742857142852
120,-0.0071832057142857146
124,-0.0081664204761904748
127,-0.0082615704761904753
