0,2.2900509523809522
8,2.2481371428571428
16,2.2015604761904761
24,2.146057142857142
32,2.0910447619047625
40,2.0132599999999994
48,1.9192995238095241
56,1.7999342857142857
64,1.7000261904761902
72,1.4958671428571431
80,1.2808447619047614
88,1.0658523809523806
92,0.95057895238095236
96,0.83116628571428564
100,0.70081057142857139
104,0.55224985714285724
108,0.35208700000000004
112,0.15247814285714287
116,0.036458852380952388
120,-0.0036309461904761903
124,-0.0082457119047619019
127,-0.0082932871428571409
