0,2.2426038095238092
8,2.1990714285714295
16,2.1507514285714286
24,2.0899019047619047
32,2.0329080952380951
40,1.949668095238096
48,1.8511885714285712
56,1.7258123809523804
64,1.6136157142857139
72,1.4127542857142861
80,1.2167604761904764
88,1.005352380952381
92,0.89122128571428572
96,0.76893785714285712
100,0.63648942857142854
104,0.46512471428571445
108,0.25552571428571436
112,0.10104946666666666
116,0.018602390476190472
120,-0.0049630442857142862
124,-0.0068660399999999977
127,-0.0072307804761904777
