0,2.702787777994351
1,2.7008435300756721
2,2.6977757271507685
3,2.694692577764636
4,2.6932860730151611
5,2.6913116394950563
6,2.6890475342280227
7,2.6859211357238806
8,2.6842093591057314
9,2.6822065156078141
10,2.6773165937402217
11,2.6755819876756162
12,2.6735525098234998
13,2.6703507741460513
14,2.6668404690132186
15,2.6653724515885693
16,2.6665471191888046
17,2.6618362730830856
18,2.6588755063334588
19,2.656199972271728
20,2.6529159237567788
21,2.6493158228012166
22,2.6450926219127551
23,2.6423645801241746
24,2.6384059385915402
25,2.6347327834073173
26,2.6325816753376912
27,2.6288796028546235
28,2.6229806365787587
29,2.6223570293248266
30,2.6157785236512114
31,2.6116780858900306
32,2.6211082928538656
33,2.6160930541287266
34,2.6129420419919627
35,2.6085093175171341
36,2.6030933037389774
37,2.5976406360162327
38,2.5947390904345831
39,2.5882544305894033
40,2.5843392832727416
41,2.578761560915519
42,2.5731471846137071
43,2.5664951088278465
44,2.5591192298841619
45,2.5547319020791774
46,2.5475994018382182
47,2.541784506898364
48,2.5380023959598881
49,2.531780384454112
50,2.52586630825243
51,2.5167503524179371
52,2.5096797367803743
53,2.502200989934825
54,2.4921423219170418
55,2.4838054586703491
56,2.4743003876040315
57,2.4673001541971571
58,2.4569005664456238
59,2.4475311951929117
60,2.4354227307940608
61,2.4231843922109242
62,2.4108161794435019
63,2.4018463063786739
64,2.4928640957907366
65,2.4827130953450629
66,2.4724626599770447
67,2.4661906687870285
68,2.4531623302138956
69,2.4430057406743138
70,2.4373232393988022
71,2.4231843922109242
72,2.4108161794435019
73,2.3979254345752943
74,2.3848965715560246
75,2.3717295903856939
76,2.3563965180501771
77,2.3429323735851377
78,2.3255964320640472
79,2.3063527440509519
80,2.3017112312836483
81,2.2817064434542975
82,2.2631587742099524
83,2.2377695019613966
84,2.2182240676391971
85,2.1970747635608281
86,2.1715098142797116
87,2.1460142325872194
88,2.122030052830195
89,2.0924285283001112
90,2.0647840786698768
91,2.0302709940653547
92,1.999688555756638
93,1.9634982763816644
94,1.9266686456756517
95,1.8860039730007785
96,1.9051096284883338
97,1.8581167274437964
98,1.8156428296997986
99,1.7695988298335419
100,1.7215397679518301
101,1.6661593967795971
102,1.6149613031352226
103,1.5634082030358982
104,1.5096851811759886
105,1.4524700492399938
106,1.3980155801565657
107,1.3380730989131222
108,1.2849713585497375
109,1.2256655309517048
110,1.1694525346521807
111,1.1068173030740893
112,1.0558122520370583
113,0.99342824551259024
114,0.94165624334232767
115,0.88336066851728257
116,0.82722802266352269
117,0.77563102056176936
118,0.71429013297223976
119,0.66060919146233532
120,0.60162337212254791
121,0.54506631797500482
122,0.49663543793583242
123,0.43967074277623119
124,0.38858925429830826
125,0.33864972833913631
