0,2.2479771428571436
8,2.2014795238095237
16,2.150173809523809
24,2.0880290476190475
32,2.0255814285714284
40,1.9371071428571427
48,1.8315680952380955
56,1.7008966666666663
64,1.5698404761904765
72,1.373010476190476
80,1.1855719047619051
88,0.98095766666666695
92,0.87237900000000024
96,0.75869033333333324
100,0.63471828571428579
104,0.48495876190476206
108,0.29505319047619039
112,0.13504219047619048
116,0.038545309523809537
120,0.001455610428571429
124,-0.0039088614285714288
127,-0.0039725352380952381
