0,2.2207180952380954
8,2.1736023809523801
16,2.1242204761904762
24,2.0609290476190472
32,1.9995899999999995
40,1.9112128571428566
48,1.8037880952380956
56,1.6705304761904758
64,1.5320404761904771
72,1.3352695238095238
80,1.1462390476190476
88,0.93995428571428585
92,0.83157857142857117
96,0.71528914285714296
100,0.58547357142857148
104,0.41980200000000001
108,0.22877285714285708
112,0.088394790476190449
116,0.014907404761904761
120,-0.0060414076190476191
124,-0.0080871285714285684
127,-0.0082457123809523795
