0,2.7738846223178033
1,2.7617910427879484
2,2.7617910427879484
3,2.7615199877168259
4,2.7560778054046855
5,2.7555313786993123
6,2.7527932220611069
7,2.7497696552697479
8,2.7492186108456802
9,2.7461806889722897
10,2.742296675543531
11,2.736153473334912
12,2.7364337638434248
13,2.7327821571880122
14,2.7285476840036087
15,2.7265638668579983
16,2.7248595371393889
17,2.7234365017811828
18,2.720010977632207
19,2.717145331803934
20,2.7154211258178966
21,2.7134049846414188
22,2.7090681185642054
23,2.7044172325549649
24,2.7012048412230412
25,2.6997406479373329
26,2.6941538256285424
27,2.6894210253050539
28,2.6861523178820845
29,2.6828714638512423
30,2.6786782640402724
31,2.6741637161784766
32,2.6849606854453336
33,2.6759722457232988
34,2.6726538476317598
35,2.671746721881461
36,2.6668934593311371
37,2.6604845525878984
38,2.65433967395255
39,2.6506334728150471
40,2.6469128162103241
41,2.6425537800670771
42,2.637234213252968
43,2.6306229299686459
44,2.6265080456658612
45,2.6198250873565714
46,2.6134192072297462
47,2.6085884460225071
48,2.6056791476977481
49,2.6001616212908725
50,2.5906824134404136
51,2.5827737067908454
52,2.5758061564706569
53,2.5674537322248354
54,2.5536199353009317
55,2.5478344808245361
56,2.5454438025077888
57,2.5334166278101149
58,2.5233580970337663
59,2.5146191898101806
60,2.5065239825401378
61,2.4948163640206302
62,2.4837187160311514
63,2.4674375683409249
64,2.5607266194931153
65,2.5563324635944502
66,2.5423628455097891
67,2.5344523469875604
68,2.5257937479151988
69,2.5149699507213925
70,2.5072300216960679
71,2.4944598811536438
72,2.4793969529145188
73,2.4656160037822707
74,2.4557361887638791
75,2.4376192368788985
76,2.4237793767014324
77,2.4082827995064413
78,2.3937694400350331
79,2.3775597113964331
80,2.3717276079286234
81,2.3497548558930079
82,2.3310704566559273
83,2.3125688739088117
84,2.2901685964138609
85,2.2633040389553405
86,2.2415070212434958
87,2.2177297450498834
88,2.1932045841372583
89,2.1661577723576855
90,2.1356035974186005
91,2.1000344293689288
92,2.0702988555041602
93,2.0321812638635546
94,1.998155623520409
95,1.9524643758890026
96,1.9775865526022656
97,1.9334446098361227
98,1.8789764592167213
99,1.8258510358043027
100,1.7742264462715882
101,1.7184083758730855
102,1.6603770830905611
103,1.6033884511242682
104,1.5475677606901141
105,1.4867279061496612
106,1.4229841640639205
107,1.3568334561793318
108,1.3015533600888511
109,1.2441939554565153
110,1.180949449016568
111,1.1185662926807212
112,1.0635762997658005
113,1.0098005108944197
114,0.94011743895752042
115,0.88879133983329384
116,0.82532670877455327
117,0.76855141045496644
118,0.70760061527917006
119,0.65222123325600956
120,0.58908132320230111
121,0.52803681344217779
122,0.45968422675920495
123,0.41263874788485166
124,0.35176082233555483
125,0.28869818379592127
