0,2.165104761904761
8,2.1189657142857148
16,2.0679728571428573
24,2.0075995238095237
32,1.947496666666666
40,1.8612290476190481
48,1.7595457142857149
56,1.6327961904761901
64,1.5166847619047614
72,1.3251990476190481
80,1.1387652380952384
88,0.93146419047619078
92,0.81977857142857125
96,0.69898661904761905
100,0.56178757142857161
104,0.37252409523809515
108,0.18781395238095241
112,0.06585587619047624
116,0.0080240299999999962
120,-0.003781972857142856
124,-0.0043570947619047621
127,-0.0044209966666666671
