0,2.2586733333333329
8,2.2170885714285706
16,2.170661428571429
24,2.114508095238095
32,2.0612157142857139
40,1.9826471428571422
48,1.8912009523809528
56,1.7741476190476189
64,1.6916657142857139
72,1.4970319047619045
80,1.2865223809523814
88,1.0707552380952379
92,0.95363809523809517
96,0.83011457142857159
100,0.69881090476190488
104,0.54562028571428567
108,0.32518871428571439
112,0.13145199999999999
116,0.026252228571428574
120,-0.0024400133333333336
124,-0.0048842871428571412
127,-0.0048523357142857123
