0,2.1866052380952374
8,2.1416676190476189
16,2.0913433333333336
24,2.0316909523809521
32,1.9725500000000002
40,1.8876704761904766
48,1.7876942857142859
56,1.6628466666666668
64,1.5523552380952377
72,1.3607319047619046
80,1.1714019047619044
88,0.96443800000000002
92,0.85391828571428552
96,0.73486761904761921
100,0.60354785714285741
104,0.42863052380952382
108,0.22658661904761893
112,0.084818919047619026
116,0.013982976190476195
120,-0.003079041428571429
124,-0.0042292904761904769
127,-0.0043730695238095238
