0,2.2218628571428574
8,2.1790509523809525
16,2.1315709523809523
24,2.0742985714285718
32,2.0192923809523813
40,1.9394628571428576
48,1.8460699999999999
56,1.7267152380952375
64,1.6363580952380956
72,1.442810952380952
80,1.2430833333333333
88,1.0307823809523811
92,0.91657485714285702
96,0.7950639047619048
100,0.6653577619047617
104,0.50473857142857148
108,0.28846042857142862
112,0.11640295238095234
116,0.023584276190476178
120,-0.0023122095238095239
124,-0.0044369728571428567
127,-0.0044050209523809518
