0,2.3065590476190478
8,2.2661204761904763
16,2.2204642857142867
24,2.1650399999999999
32,2.1132304761904757
40,2.0360323809523813
48,1.9442766666666667
56,1.8287009523809525
64,1.7438904761904763
72,1.5467400000000002
80,1.3256919047619047
88,1.1061319047619047
92,0.98816300000000012
96,0.86472200000000021
100,0.73233704761904772
104,0.5822223333333334
108,0.37579442857142864
112,0.16514899999999999
116,0.039947666666666659
120,-0.0025367223809523811
124,-0.0073259304761904773
127,-0.0074527971428571442
