0,2.7698760158087166
1,2.7582594968186149
2,2.7574421154273092
3,2.7549845504531838
4,2.7500450269039987
5,2.7483912913206598
6,2.7461806889722897
7,2.7439636619718217
8,2.7436860818634123
9,2.7375539220255862
10,2.7341886289900281
11,2.7341886289900281
12,2.7305265822749565
13,2.7274146765172516
14,2.7254280485863482
15,2.7231515935539745
16,2.7211544251782236
17,2.7214400361017548
18,2.717145331803934
19,2.7116729486106372
20,2.7090681185642054
21,2.708198034948659
22,2.7073270478664111
23,2.7006194650643249
24,2.6991542679267262
25,2.6956275555072087
26,2.691198836982033
27,2.6870449881651624
28,2.6810767874625063
29,2.6801780940680864
30,2.6765742858233939
31,2.6735600699153568
32,2.679278497206965
33,2.6771759243827327
34,2.6735600699153568
35,2.6681091842132547
36,2.6638471201626102
37,2.6601782623154269
38,2.654647871543613
39,2.6484648465364335
40,2.6450470671077548
41,2.6362924546124544
42,2.6350353710324566
43,2.6287258606870996
44,2.6223761962661305
45,2.618866765159868
46,2.6127764107429048
47,2.6034107385412386
48,2.6034107385412386
49,2.5942879131725771
50,2.5890395345182324
51,2.5787976702652307
52,2.5731402069048479
53,2.5647677056212208
54,2.5539593526857827
55,2.5461273553813757
56,2.5406476892515064
57,2.5292647164333206
58,2.5261412965003616
59,2.5135663047654111
60,2.5005064375067056
61,2.4923188758627552
62,2.4779531528829253
63,2.4699835425451009
64,2.5590385672358709
65,2.5536199353009317
66,2.5423628455097891
67,2.5337619679211194
68,2.5250983495893062
69,2.5082883275410448
70,2.5026335896415079
71,2.4869505519682624
72,2.4819197381400291
73,2.4674375683409249
74,2.4502157813080059
75,2.4394789478093837
76,2.426408269071747
77,2.4109405024260075
78,2.390695525061008
79,2.3748408738967481
80,2.368217504247522
81,2.3509399482317295
82,2.3334680464899753
83,2.3145902049936344
84,2.2938548761017095
85,2.2699562040930763
86,2.2452990065353924
87,2.2173022898542527
88,2.2001217661740315
89,2.1661577723576855
90,2.1391706044411398
91,2.1027578695265672
92,2.0684551208794728
93,2.0359297673078594
94,2.0005353297300674
95,1.9631261162262243
96,1.9819070659144031
97,1.9305049399813141
98,1.8854768971516065
99,1.8426668550527729
100,1.7835929566569808
101,1.7353779701704066
102,1.670130277224096
103,1.6083630743281225
104,1.5509453107394697
105,1.499902603984604
106,1.4329148241509173
107,1.3711146146285018
108,1.3106243916807032
109,1.2527930612139966
110,1.180949449016568
111,1.129348520326257
112,1.0777141784287407
113,1.0202207344875722
114,0.95202991850708241
115,0.89950549125992518
116,0.84161476792280387
117,0.77817645284433068
118,0.71804491625694711
119,0.67121883422358586
120,0.60191533878715608
121,0.54390613584550129
122,0.48960665754370147
123,0.43180056396093836
124,0.38376878554362648
125,0.32632079605161612
