0,2.219897142857143
8,2.1721261904761899
16,2.1194200000000003
24,2.0554923809523808
32,1.9901000000000002
40,1.899189523809524
48,1.789784761904762
56,1.6575666666666671
64,1.5161961904761907
72,1.3265285714285713
80,1.1395676190476192
88,0.93589295238095227
92,0.82764823809523813
96,0.71107847619047626
100,0.583015619047619
104,0.42228823809523819
108,0.24158357142857151
112,0.10433580952380953
116,0.0267498380952381
120,3.8879852380952399e-05
124,-0.0030174366666666668
127,-0.003383559047619048
