0,2.2169909523809528
8,2.1723023809523814
16,2.1214133333333329
24,2.0607709523809525
32,1.9997180952380955
40,1.9144942857142861
48,1.8114471428571424
56,1.6804885714285713
64,1.5569361904761907
72,1.3608652380952382
80,1.1670609523809525
88,0.95611371428571446
92,0.84118833333333332
96,0.71624057142857156
100,0.56633200000000017
104,0.36033271428571434
108,0.17801014285714281
112,0.057804123809523808
116,0.0038224566666666656
120,-0.0074686552380952391
124,-0.0082139961904761881
127,-0.0081822785714285688
