0,2.2111761904761895
8,2.1675176190476186
16,2.1195266666666677
24,2.0612152380952375
32,2.0056961904761899
40,1.9251957142857143
48,1.8299485714285717
56,1.7102904761904762
64,1.6147414285714283
72,1.420429523809523
80,1.2255423809523809
88,1.0151447619047618
92,0.90184538095238109
96,0.78215561904761932
100,0.65292871428571453
104,0.49050428571428573
108,0.27419428571428567
112,0.10966090476190475
116,0.022066638095238095
120,-0.0024559895238095244
124,-0.0044209971428571422
127,-0.0043570947619047612
