0,2.2043842857142857
8,2.1592990476190472
16,2.10958380952381
24,2.0488766666666671
32,1.9893928571428565
40,1.9034085714285716
48,1.8006319047619053
56,1.6717995238095238
64,1.546249523809524
72,1.3470690476190481
80,1.1535495238095239
88,0.9402555714285713
92,0.82458457142857156
96,0.69678285714285715
100,0.54130804761904772
104,0.33310400000000007
108,0.16226300000000002
112,0.051207076190476188
116,0.0024427840952380951
120,-0.0076272376190476181
124,-0.0081029876190476177
127,-0.0081664204761904748
