0,2.2960285714285713
8,2.2554947619047625
16,2.2100290476190483
24,2.1559371428571432
32,2.1022885714285713
40,2.0272633333333325
48,1.9366480952380958
56,1.8220257142857144
64,1.7359457142857138
72,1.5403014285714287
80,1.3183490476190474
88,1.0984100000000001
92,0.97890209523809513
96,0.85181328571428572
100,0.71409985714285706
104,0.54336985714285724
108,0.30633514285714281
112,0.11933471428571432
116,0.020568828571428568
120,-0.0062634238095238088
124,-0.0082139952380952362
127,-0.0082774290476190469
