0,2.6887639503334819
1,2.6884802396086833
2,2.6844949722844014
3,2.6810592433433267
4,2.6787586109619625
5,2.6752924427589453
6,2.6750027710120161
7,2.6718080109987628
8,2.6697669915931601
9,2.6683053156814154
10,2.6653724515885693
11,2.6641957547042039
12,2.6603574750864984
13,2.6579848031185382
14,2.6538130953148618
15,2.6523171752334327
16,2.6505178857371998
17,2.6517179193890543
18,2.6487140303516763
19,2.6438814271981892
20,2.6420608302185973
21,2.6384059385915402
22,2.6356527844118571
23,2.632273866863855
24,2.6273316823673767
25,2.6242263291235259
26,2.6214206672169929
27,2.6170358845797228
28,2.6126262432118668
29,2.6107287870958715
30,2.6078740418794575
31,2.5998902911963961
32,2.6119942651609009
33,2.6066019686410073
34,2.6021337316939133
35,2.5992481667247826
36,2.5937696256293874
37,2.5885798684691141
38,2.5833576427627696
39,2.5794196659996516
40,2.575132914589334
41,2.569494821029259
42,2.5644895933319574
43,2.5584456515085416
44,2.5516819650955602
45,2.5438410081580058
46,2.5393794846520379
47,2.5321271298171824
48,2.53039213469925
49,2.524469434040018
50,2.5181583876930613
51,2.5100344724497043
52,2.5025583890395748
53,2.4925032722690186
54,2.4852601674804511
55,2.4772341566337888
56,2.4676697290066838
57,2.4602541350671121
58,2.4490356214641857
59,2.4384620225985505
60,2.4319938249992665
61,2.4181754693110333
62,2.4080933205703987
63,2.3935978266967668
64,2.4870756998122712
65,2.478697997222473
66,2.4673001541971571
67,2.4554067939160298
68,2.4475311951929117
69,2.4377029606289766
70,2.4289372842796761
71,2.4162432531417686
72,2.4088719143997186
73,2.3935978266967668
74,2.3841025044352175
75,2.3665046755562726
76,2.3515164461299549
77,2.341290970635125
78,2.3222689819131737
79,2.3050883988956934
80,2.3004427007298727
81,2.2782734705286916
82,2.2592470256226025
83,2.2382108626970032
84,2.2191178233428643
85,2.195715295712001
86,2.170129038947525
87,2.1460142325872194
88,2.1248688431217464
89,2.0977159875718754
90,2.0682012063757735
91,2.0297734475254137
92,2.0062456956170527
93,1.9686341820575619
94,1.9324164987842889
95,1.8987593402163139
96,1.9182807367273411
97,1.8795988940572634
98,1.8293402835098864
99,1.78021613537093
100,1.7363374656883097
101,1.6841704231223242
102,1.6339043964821132
103,1.5827003332530563
104,1.5262728257823626
105,1.4681238597811441
106,1.4107631181463076
107,1.3542944748592323
108,1.2928907907748672
109,1.2330498748804979
110,1.1857966908506752
111,1.1213648075241154
112,1.0635411937770862
113,1.0055562433792118
114,0.95321795266912179
115,0.88702792261723928
116,0.83613977482795998
117,0.77638311542970073
118,0.71810070526384107
119,0.65829469177007893
120,0.59927995513144561
121,0.54348590325402979
122,0.48944994672662379
123,0.44128413336430983
124,0.38532898993401332
125,0.33782711584770597
