0,2.2471538095238102
8,2.2039714285714291
16,2.1539542857142853
24,2.0963733333333336
32,2.0380157142857138
40,1.9556157142857142
48,1.8541538095238099
56,1.7276204761904768
64,1.6079847619047622
72,1.4058052380952386
80,1.208167142857143
88,0.99666342857142809
92,0.88345104761904736
96,0.76690814285714293
100,0.63731423809523824
104,0.48015828571428559
108,0.2774572857142858
112,0.11424357142857142
116,0.023581914285714285
120,-0.0051374847619047636
124,-0.0081188452380952375
127,-0.0080871285714285701
