0,2.6603574750864984
1,2.6573903668239671
2,2.6564977611551752
3,2.6523171752334327
4,2.6502175602485911
5,2.6469056090768612
6,2.6438814271981892
7,2.6435783114439024
8,2.6408445622937076
9,2.6381005398926076
10,2.6353462442406022
11,2.6298068331838746
12,2.6282608151504991
13,2.6229806365787587
14,2.6229806365787587
15,2.6179775735583966
16,2.6173499077362057
17,2.6126262432118668
18,2.6129420419919627
19,2.6081917431134247
20,2.605327866118428
21,2.6008525266768805
22,2.5960299345512303
23,2.5940929073947108
24,2.5889051795185667
25,2.5849930761280997
26,2.5804058723989152
27,2.5774438287841557
28,2.5714889218019206
29,2.5688291061296407
30,2.5621440544766765
31,2.5581086720753445
32,2.5701600286078454
33,2.5634851233755285
34,2.5594558288265845
35,2.553377642833484
36,2.5479403130094163
37,2.541784506898364
38,2.5366232779836091
39,2.5290018556602587
40,2.5272611531807128
41,2.5199155781061595
42,2.5132213861120603
43,2.5068372855364429
44,2.5004120919572039
45,2.4957461180751928
46,2.4870756998122712
47,2.4797945459462762
48,2.4761349444745653
49,2.469515700600446
50,2.4621127896866835
51,2.4516634844739782
52,2.4475311951929117
53,2.4377029606289766
54,2.4285546459535658
55,2.4201045147238451
56,2.4119812165066747
57,2.4034111038527994
58,2.3904408364127683
59,2.3805229242938104
60,2.3681146246022786
61,2.3555844410327209
62,2.3445717472510208
63,2.3313999379683299
64,2.427405969993687
65,2.4177892797376965
66,2.4069244785994832
67,2.3971397382515214
68,2.3884635955018814
69,2.3729322960355197
70,2.364892697226137
71,2.3515164461299549
72,2.3384136325076659
73,2.3235177269466871
74,2.3113987099487581
75,2.2987495510345584
76,2.277843778176829
77,2.2653275288105577
78,2.2456945901728269
79,2.2302469644265974
80,2.2217960465276718
81,2.201146318273373
82,2.1783965688558027
83,2.158578187255638
84,2.1352386771379415
85,2.1106292327710783
86,2.0847102831145237
87,2.0613607362813338
88,2.0307684137750375
89,2.0022130692311899
90,1.9732456531788025
91,1.9417889739010603
92,1.9072223326774149
93,1.8715668622506052
94,1.8347970697387552
95,1.7918977833091185
96,1.8073863083363189
97,1.76567564939786
98,1.7226810963192918
99,1.6690726449951998
100,1.6303624592397021
101,1.5784912774156361
102,1.5323929342610505
103,1.4762325141887938
104,1.4221925263888089
105,1.3704365818940349
106,1.3132647916560989
107,1.2611034805313599
108,1.210175948469679
109,1.1523496884123341
110,1.1040400083326085
111,1.0487726241872064
112,1.0027058944090701
113,0.94454971460022041
114,0.89727936567279487
115,0.83539782638067694
116,0.78539836108474081
117,0.73558849846209995
118,0.67985229830747751
119,0.62654879508310168
120,0.5797070896152654
121,0.5244813555618062
122,0.47424683954741775
123,0.41946055521314074
124,0.37226763963554443
125,0.32382329846391
