0,2.6873441284069077
1,2.6850658181509672
2,2.6804848462295339
3,2.6793345300388518
4,2.676738899039719
5,2.6738428157217191
6,2.6715168172887367
7,2.6691827017192367
8,2.6677197575049107
9,2.6641957547042039
10,2.6636066452804728
11,2.6576876483863816
12,2.656199972271728
13,2.6529159237567788
14,2.6526166129102347
15,2.6469056090768612
16,2.6493158228012166
17,2.6466037616251556
18,2.6435783114439024
19,2.6402356673497143
20,2.6368776767942972
21,2.6313496804607981
22,2.6301156562997754
23,2.6254699923841631
24,2.6204831636368366
25,2.6204831636368366
26,2.6157785236512114
27,2.6100952870818084
28,2.6081917431134247
29,2.602773573220881
30,2.5986055349321369
31,2.595061991709132
32,2.6050090234121379
33,2.5998902911963961
34,2.5947390904345831
35,2.590529832311959
36,2.5866253387369778
37,2.5830301755989291
38,2.5771140786756694
39,2.5714889218019206
40,2.5678295825532773
41,2.5601286462206563
42,2.5560841320407413
43,2.5493026893916273
44,2.5424705146392768
45,2.536968247723066
46,2.5290018556602587
47,2.5234204466629988
48,2.5216695977628052
49,2.5135748534788092
50,2.5061254044228791
51,2.4979023079176947
52,2.4943061215750295
53,2.4852601674804511
54,2.4772341566337888
55,2.4691467599422099
56,2.4609979774057149
57,2.4501626094499311
58,2.4384620225985505
59,2.4281718807971977
60,2.4197189593017989
61,2.4096500009080062
62,2.3971397382515214
63,2.3848965715560246
64,2.4761349444745653
65,2.4673001541971571
66,2.4591374203322722
67,2.4482836619890649
68,2.4403574579929685
69,2.4277889888105713
70,2.4181754693110333
71,2.4061446164675822
72,2.3951732779125718
73,2.3837052806294268
74,2.370124207228979
75,2.3523310597525731
76,2.34046950817857
77,2.3276719664249552
78,2.3101389306827911
79,2.2928075464884397
80,2.2876946142143613
81,2.2722462360491353
82,2.2461336679637878
83,2.229803320746345
84,2.2061087115936484
85,2.1834287188180284
86,2.1613576209864021
87,2.1342985015598126
88,2.1082448667317171
89,2.0808389848169533
90,2.054495407456308
91,2.0252898213043293
92,1.9920959907942672
93,1.955254446606546
94,1.9214300074907005
95,1.8822698964799112
96,1.8992892284720684
97,1.8597349290191305
98,1.8194861070728832
99,1.7679182277712266
100,1.7192555892538093
101,1.6719827224543504
102,1.6155552406713132
103,1.568847241591186
104,1.5115328186882102
105,1.4530977236247364
106,1.3992926169001856
107,1.3393737260847469
108,1.281004793603236
109,1.2249934659766293
110,1.1680872240489291
111,1.111672685906745
112,1.0572186556439316
113,0.999853516154799
114,0.94599568924761823
115,0.88556140146803064
116,0.82202106635543815
117,0.77111578791876378
118,0.70895000489315807
119,0.66215155710588269
120,0.60240425745906512
121,0.55374953057691378
122,0.49902831872759035
123,0.4364424396369766
124,0.3926617310728675
125,0.32877000764494291
