0,2.2520380952380954
8,2.2092047619047626
16,2.1611076190476193
24,2.1016538095238095
32,2.0431838095238088
40,1.9614185714285712
48,1.8612100000000005
56,1.7356600000000002
64,1.6190695238095241
72,1.4164004761904763
80,1.2153161904761904
88,1.0048938095238096
92,0.89206171428571424
96,0.77237899999999993
100,0.64389528571428567
104,0.48702514285714282
108,0.28449885714285716
112,0.11773276190476191
116,0.024802990476190473
120,-0.0051374847619047636
124,-0.0080554119047619027
127,-0.0082615704761904753
