0,2.2821690476190475
8,2.2400009523809525
16,2.1927438095238099
24,2.134258571428572
32,2.0773442857142861
40,1.9983219047619047
48,1.9006342857142857
56,1.7773819047619046
64,1.6730504761904761
72,1.468860476190476
80,1.2602452380952378
88,1.0452209523809521
92,0.93015357142857147
96,0.80955100000000002
100,0.68092471428571444
104,0.52990614285714288
108,0.32496928571428568
112,0.13779342857142859
116,0.030654704761904763
120,-0.0045665861904761913
124,-0.008340861904761904
127,-0.008515305238095237
