0,2.2603800000000005
8,2.2168019047619043
16,2.1696380952380956
24,2.1127080952380952
32,2.054824285714286
40,1.9749138095238097
48,1.8794004761904759
56,1.7584800000000005
64,1.6557657142857143
72,1.4579976190476192
80,1.2552004761904763
88,1.0394661904761908
92,0.92420685714285744
96,0.80225666666666651
100,0.6696968571428572
104,0.50640385714285707
108,0.29100028571428571
112,0.11965185714285714
116,0.024818852380952383
120,-0.0043445700000000007
124,-0.006770889999999999
127,-0.0071832057142857146
