0.20000000000000001,5.736947e-08
0.25,5.7330999999999999e-08
0.29999999999999999,5.736486e-08
0.34999999999999998,5.7424550000000002e-08
0.40000000000000002,5.7319119999999997e-08
0.45000000000000001,5.7375339999999998e-08
0.5,5.7370559999999997e-08
0.55000000000000004,5.7388149999999999e-08
0.59999999999999998,5.7315299999999997e-08
0.65000000000000002,5.7164339999999997e-08
0.69999999999999996,5.724776e-08
0.75,5.7159640000000001e-08
0.80000000000000004,5.695798e-08
0.84999999999999998,5.6836139999999998e-08
0.90000000000000002,5.676359e-08
0.94999999999999996,5.6803810000000003e-08
1,5.6656569999999998e-08
1.05,5.6407959999999998e-08
1.1000000000000001,5.6439819999999997e-08
1.1499999999999999,5.6369230000000001e-08
1.2,5.6395979999999998e-08
1.25,5.6167649999999998e-08
1.3,5.5951540000000003e-08
1.3500000000000001,5.5832909999999999e-08
1.3999999999999999,5.5745719999999998e-08
1.45,5.5554819999999999e-08
1.5,5.5417469999999997e-08
1.55,5.531794e-08
1.6000000000000001,5.5202070000000003e-08
1.6499999999999999,5.5022060000000001e-08
1.7,5.477681e-08
1.75,5.47793e-08
1.8,5.4567669999999997e-08
1.8500000000000001,5.4421210000000002e-08
1.8999999999999999,5.4128460000000001e-08
1.95,5.3806470000000003e-08
2,5.3569000000000001e-08
2.0499999999999998,5.3323029999999997e-08
2.1000000000000001,5.2917220000000001e-08
2.1499999999999999,5.2493280000000002e-08
2.2000000000000002,5.1871069999999998e-08
2.25,4.826545e-08
2.2999999999999998,5.1695190000000002e-08
2.3500000000000001,4.7016810000000002e-08
2.3999999999999999,1.339229e-08
2.4500000000000002,7.8095469999999996e-08
2.5,1.9780359999999999e-07
