0.20000000000000001,2.7229330000000001e-12
0.25,1.20495e-11
0.29999999999999999,1.213439e-11
0.34999999999999998,8.8372040000000002e-11
0.40000000000000002,4.9103170000000003e-10
0.45000000000000001,2.5453630000000001e-09
0.5,2.5416979999999998e-09
0.55000000000000004,1.091391e-08
0.59999999999999998,3.608078e-08
0.65000000000000002,8.7688180000000002e-08
0.69999999999999996,8.7667950000000005e-08
0.75,1.1116189999999999e-07
0.80000000000000004,1.123048e-07
0.84999999999999998,1.122445e-07
0.90000000000000002,1.1168270000000001e-07
0.94999999999999996,1.118916e-07
1,1.126081e-07
1.05,1.12059e-07
1.1000000000000001,1.122156e-07
1.1499999999999999,1.1220529999999999e-07
1.2,1.123476e-07
1.25,1.1231540000000001e-07
1.3,1.124717e-07
1.3500000000000001,1.127125e-07
1.3999999999999999,1.128974e-07
1.45,1.128268e-07
1.5,1.131162e-07
1.55,1.131419e-07
1.6000000000000001,1.130809e-07
1.6499999999999999,1.128521e-07
1.7,1.131311e-07
1.75,1.137055e-07
1.8,1.133971e-07
1.8500000000000001,1.134755e-07
1.8999999999999999,1.136707e-07
1.95,1.135498e-07
2,1.138297e-07
2.0499999999999998,1.139314e-07
2.1000000000000001,1.1377710000000001e-07
2.1499999999999999,1.1415649999999999e-07
2.2000000000000002,1.1439049999999999e-07
2.25,1.144155e-07
2.2999999999999998,1.1424509999999999e-07
2.3500000000000001,1.151528e-07
2.3999999999999999,1.146156e-07
2.4500000000000002,1.14906e-07
2.5,1.1484329999999999e-07
