0,8.2696380000000004e-12
0.10000000000000001,1.798158e-11
0.20000000000000001,2.0089760000000001e-10
0.22,3.1698030000000002e-10
0.23999999999999999,4.9497709999999999e-10
0.26000000000000001,7.8811890000000003e-10
0.28000000000000003,1.220802e-09
0.29999999999999999,1.827595e-09
0.32000000000000001,2.695989e-09
0.34000000000000002,3.8635050000000001e-09
0.35999999999999999,5.6425519999999999e-09
0.38,7.4158039999999996e-09
0.40000000000000002,1.0253560000000001e-08
0.41999999999999998,1.3320190000000001e-08
0.44,1.7588459999999999e-08
0.46000000000000002,2.306624e-08
0.47999999999999998,2.9749490000000001e-08
0.5,3.8174190000000003e-08
0.52000000000000002,4.8526779999999998e-08
0.54000000000000004,6.1139989999999994e-08
0.56000000000000005,7.4909779999999996e-08
0.57999999999999996,9.3665849999999998e-08
0.59999999999999998,1.1671509999999999e-07
0.62,1.405662e-07
0.64000000000000001,1.70388e-07
0.66000000000000003,2.0190859999999999e-07
0.68000000000000005,2.4382669999999997e-07
0.69999999999999996,2.8809760000000002e-07
0.71999999999999997,3.4007019999999998e-07
0.73999999999999999,3.950464e-07
0.76000000000000001,4.5860590000000001e-07
0.78000000000000003,5.343232e-07
0.80000000000000004,6.1350090000000002e-07
0.81999999999999995,6.9664460000000003e-07
0.83999999999999997,7.9653439999999997e-07
0.85999999999999999,9.0205730000000002e-07
0.88,1.0171049999999999e-06
0.90000000000000002,1.1387209999999999e-06
0.92000000000000004,1.262568e-06
0.93999999999999995,1.4023549999999999e-06
0.95999999999999996,1.5583139999999999e-06
0.97999999999999998,1.7202939999999999e-06
1,1.89453e-06
1.02,2.0716339999999999e-06
1.04,2.267964e-06
1.0600000000000001,2.4730529999999999e-06
1.0800000000000001,2.6850839999999999e-06
1.1000000000000001,2.9039880000000002e-06
1.1200000000000001,3.1387079999999999e-06
1.1399999999999999,3.3843290000000001e-06
1.1599999999999999,3.6399480000000001e-06
1.1799999999999999,3.8894819999999997e-06
1.2,4.1819580000000001e-06
1.22,4.4681170000000003e-06
1.24,4.768379e-06
1.26,5.0783820000000003e-06
1.28,5.3968050000000001e-06
1.3,5.723888e-06
1.3200000000000001,6.0633169999999999e-06
1.3400000000000001,6.3998699999999999e-06
1.3600000000000001,6.7574150000000001e-06
1.3799999999999999,7.1283159999999996e-06
1.3999999999999999,7.4906970000000003e-06
1.4199999999999999,7.7706070000000006e-06
1.4399999999999999,7.8365869999999999e-06
1.46,7.8625440000000001e-06
1.48,7.8760950000000004e-06
1.5,7.8853909999999995e-06
1.52,7.8941270000000001e-06
1.54,7.8990890000000002e-06
1.5600000000000001,7.9037700000000001e-06
1.5800000000000001,7.9064659999999999e-06
1.6000000000000001,7.9101640000000008e-06
1.7,7.9208629999999995e-06
1.8,7.9265620000000007e-06
1.8999999999999999,7.9302689999999995e-06
2,7.9331129999999992e-06
2.1000000000000001,7.9354920000000003e-06
2.2000000000000002,7.9359839999999995e-06
2.2999999999999998,7.9364900000000003e-06
2.3999999999999999,7.9373219999999996e-06
2.5,7.9381650000000006e-06
