0,1.147639e-07
0.10000000000000001,7.8337010000000003e-06
0.20000000000000001,7.8193550000000003e-06
0.29999999999999999,7.7987840000000002e-06
0.40000000000000002,7.7735249999999994e-06
0.5,7.7383929999999995e-06
0.59999999999999998,7.7012890000000002e-06
0.69999999999999996,7.6533569999999993e-06
0.80000000000000004,7.5887410000000004e-06
0.90000000000000002,7.5027269999999999e-06
1,7.3796730000000001e-06
1.1000000000000001,7.1860100000000002e-06
1.2,6.8219080000000001e-06
1.22,6.7029270000000003e-06
1.24,6.5526069999999997e-06
1.26,6.3564489999999997e-06
1.28,6.0918779999999999e-06
1.3,5.763171e-06
1.3200000000000001,5.3368609999999997e-06
1.3400000000000001,4.9235999999999998e-06
1.3600000000000001,4.4995400000000001e-06
1.3799999999999999,4.0893300000000004e-06
1.3999999999999999,3.6947739999999999e-06
1.4199999999999999,3.31733e-06
1.4399999999999999,2.9510280000000001e-06
1.46,2.6269140000000002e-06
1.48,2.3123669999999998e-06
1.5,2.023469e-06
1.52,1.7581050000000001e-06
1.54,1.509618e-06
1.5600000000000001,1.2684250000000001e-06
1.5800000000000001,1.0595490000000001e-06
1.6000000000000001,8.724967e-07
1.6200000000000001,7.0665429999999997e-07
1.6399999999999999,5.612903e-07
1.6599999999999999,4.8019579999999993e-07
1.6799999999999999,3.3131470000000002e-07
1.7,2.4553260000000001e-07
1.72,1.8107520000000001e-07
1.74,1.2485159999999999e-07
1.76,8.4735800000000001e-08
1.78,5.5977659999999998e-08
1.8,3.5674400000000001e-08
1.8200000000000001,2.2221959999999999e-08
1.8400000000000001,1.343013e-08
1.8600000000000001,8.082314e-09
1.8799999999999999,4.7277749999999996e-09
1.8999999999999999,2.7212109999999999e-09
1.9199999999999999,1.5750170000000001e-09
1.9399999999999999,9.3971910000000006e-10
1.96,5.3263369999999999e-10
1.98,3.1134569999999999e-10
2,1.84282e-10
2.02,1.1437650000000001e-10
2.04,6.2546570000000004e-11
2.0600000000000001,4.5257190000000001e-11
2.0800000000000001,3.177849e-11
2.1000000000000001,2.3792959999999999e-11
2.1200000000000001,1.936818e-11
2.1400000000000001,1.6655059999999999e-11
2.1600000000000001,1.517194e-11
2.1800000000000002,1.410375e-11
2.2000000000000002,1.3804890000000001e-11
2.2999999999999998,1.277106e-11
2.3999999999999999,1.268995e-11
2.5,1.280462e-11
