2,3.267521666666667e-13,0.44244072727272721,2316
2.0499999999999998,3.2530265777777776e-13,0.49047663636363636,2844
2.1000000000000001,3.8405695555555556e-12,0.59331918181818155,3539
2.1499999999999999,2.5021858888888892e-11,0.6934778181818182,4244
2.2000000000000002,1.5499830000000001e-10,0.85512218181818189,5237
2.25,1.011121e-09,0.98468181818181821,6290
2.2999999999999998,6.1015329999999998e-09,1.1150963636363633,7365
2.3500000000000001,3.6323730000000001e-08,1.2429745454545451,8256
2.3999999999999999,1.7831839999999999e-07,1.3660409090909089,9376
2.4199999999999999,3.1793780000000001e-07,1.4134981818181815,9754
2.4500000000000002,6.9396870000000001e-07,1.4834000000000003,10304
2.4700000000000002,1.0888320000000001e-06,1.5247854545454544,10644
2.5,1.9624340000000001e-06,1.5854799999999998,11127
2.52,2.8027639999999999e-06,1.6244263636363636,11462
2.5499999999999998,4.4322310000000003e-06,1.6804563636363634,11869
2.5699999999999998,5.7893330000000001e-06,1.7158345454545456,12158
2.6000000000000001,8.2921619999999994e-06,1.7668590909090904,12583
2.6200000000000001,1.0217460000000001e-05,1.8012600000000001,12833
2.6499999999999999,1.3504889999999999e-05,1.8466736363636362,13222
2.6699999999999999,1.5831789999999999e-05,1.875097272727273,13459
2.7000000000000002,1.996491e-05,1.9207872727272723,13806
2.75,2.7609320000000001e-05,1.9897463636363637,14368
2.7999999999999998,3.591939e-05,2.0568100000000005,14884
2.8500000000000001,4.5321719999999998e-05,2.1201890909090908,15401
2.8999999999999999,5.5300780000000003e-05,2.1802699999999997,15869
2.9199999999999999,5.9489230000000002e-05,2.204181818181818,16043
2.9500000000000002,6.6032950000000006e-05,2.2386754545454548,16334
2.9500000000000002,6.6007300000000001e-05,2.2390718181818183,16351
