2,1.8105769666666667e-11,0.46669590909090908,2240
2.0499999999999998,6.2161203073333327e-12,0.47672972727272728,2371
2.1000000000000001,5.952051e-12,0.52349236363636364,3079
2.1499999999999999,6.3362228888888899e-12,0.63273754545454552,3793
2.2000000000000002,2.8375631111111115e-11,0.76317472727272717,4474
2.25,1.6738105555555556e-10,0.89239599999999986,5507
2.2999999999999998,1.672518e-10,1.0287627272727276,6590
2.3500000000000001,6.4369510000000001e-09,1.1502300000000001,7603
2.3999999999999999,4.6085780000000003e-08,1.2923118181818181,8460
2.4199999999999999,4.6085780000000003e-08,1.34318,9183
2.4500000000000002,2.1505499999999999e-07,1.4131109090909091,9720
2.4700000000000002,2.1520719999999999e-07,1.4571372727272729,10077
2.5,3.6612209999999999e-07,1.5202890909090911,10560
2.52,7.424944e-07,1.5608181818181819,10907
2.5499999999999998,1.146762e-06,1.6196818181818182,11396
2.5699999999999998,2.8754130000000002e-06,1.6572318181818182,11638
2.6000000000000001,2.8844420000000002e-06,1.7128736363636365,12132
2.6200000000000001,4.5130419999999997e-06,1.7479909090909089,12418
2.6499999999999999,5.8910909999999998e-06,1.7994363636363635,12826
2.6699999999999999,8.3351700000000007e-06,1.8305727272727275,13061
2.7000000000000002,1.031144e-05,1.8772454545454544,13446
2.75,1.359264e-05,1.9554445454545457,14054
2.7999999999999998,2.8264909999999998e-05,2.0285063636363638,14667
2.8500000000000001,2.8268299999999998e-05,2.0981963636363634,15243
2.8999999999999999,3.7243329999999998e-05,2.1632327272727276,15795
2.9199999999999999,4.742538e-05,2.1882545454545457,15974
2.9500000000000002,5.1742469999999999e-05,2.2312172727272728,16301
2.9500000000000002,5.8536660000000002e-05,2.2330000000000001,16274
2.9700000000000002,5.8553330000000003e-05,2.2559672727272724,16379
3,6.3260050000000004e-05,2.2921490909090907,16380
3.02,7.0497139999999996e-05,2.3147099999999998,16381
3.0499999999999998,7.5234360000000003e-05,2.3484599999999998,16382
3.1000000000000001,8.2584720000000004e-05,2.3966800000000004,16383
3.1200000000000001,9.5175799999999998e-05,2.4116400000000002,16384
