2,2.0993979999999997e-13,0.45520272727272726,872
2.0499999999999998,4.4978590666666669e-13,0.46106399999999997,897
2.1000000000000001,4.6819986666666663e-12,0.50792390909090912,1053
2.1499999999999999,3.011136555555556e-11,0.62846436363636371,1428
2.2000000000000002,1.765329e-10,0.76106499999999999,1941
2.25,1.0253380000000001e-09,0.89384963636363635,2464
2.2999999999999998,5.5151930000000004e-09,1.0217236363636364,2977
2.3500000000000001,2.3162690000000001e-08,1.1411300000000002,3482
2.3999999999999999,9.6608300000000004e-08,1.2436872727272728,3894
2.4199999999999999,1.6203719999999999e-07,1.2849318181818181,4084
2.4500000000000002,3.3325949999999999e-07,1.3474100000000002,4330
2.4700000000000002,5.1951470000000003e-07,1.3871200000000001,4469
2.5,9.6188519999999994e-07,1.4456109090909093,4738
2.52,1.4068509999999999e-06,1.4841845454545455,4884
2.5499999999999998,2.331613e-06,1.5386563636363635,5094
2.5699999999999998,3.1953269999999998e-06,1.5764918181818182,5263
2.6000000000000001,4.8511500000000001e-06,1.6307781818181817,5452
2.6200000000000001,6.2217019999999997e-06,1.664658181818182,5594
2.6499999999999999,8.7394359999999999e-06,1.7168572727272726,5817
2.6699999999999999,1.0619430000000001e-05,1.7480372727272728,5944
2.7000000000000002,1.391178e-05,1.7960636363636366,6120
2.75,2.0417380000000001e-05,1.8728727272727275,6423
2.7999999999999998,2.7957980000000001e-05,1.9439754545454542,6746
2.8500000000000001,3.6635240000000001e-05,2.0123781818181814,7012
2.8999999999999999,4.6257249999999998e-05,2.0771909090909086,7255
2.9199999999999999,5.0361310000000002e-05,2.102322727272727,7381
2.9500000000000002,5.6702059999999998e-05,2.1412045454545456,7510
2.9500000000000002,5.6687190000000001e-05,2.1411136363636367,7522
2.9700000000000002,6.1092560000000002e-05,2.1660618181818183,7597
3,6.7811809999999994e-05,2.2023945454545455,7748
3.02,7.2460809999999996e-05,2.2259945454545456,7850
3.0499999999999998,7.961032e-05,2.258030909090909,7982
3.1000000000000001,9.1878390000000004e-05,2.3176563636363632,8221
3.1200000000000001,9.6918090000000002e-05,2.3392927272727273,8286
