2,1.3569789222222224e-12,0.4748086363636364,1182
2.0499999999999998,2.2297951434444449e-13,0.48280127272727269,1218
2.1000000000000001,1.6105235555555555e-12,0.53762372727272723,1437
2.1499999999999999,1.7422406666666666e-11,0.66091409090909081,1912
2.2000000000000002,1.094501e-10,0.79459772727272726,2556
2.25,6.5071149999999998e-10,0.92688327272727278,3222
2.2999999999999998,3.6119190000000002e-09,1.0562509090909094,3893
2.3500000000000001,1.8449799999999999e-08,1.177869090909091,4556
2.3999999999999999,8.3384779999999998e-08,1.2941099999999999,4714
2.4199999999999999,1.385897e-07,1.3344054545454545,5344
2.4500000000000002,2.8741470000000001e-07,1.3950636363636362,5656
2.4700000000000002,4.5525250000000002e-07,1.4332627272727274,5859
2.5,8.5341210000000001e-07,1.4905481818181818,6139
2.52,1.2519029999999999e-06,1.527929090909091,6364
2.5499999999999998,2.1038399999999999e-06,1.5832063636363636,6622
2.5699999999999998,2.9058159999999998e-06,1.6192790909090908,6791
2.6000000000000001,4.4692780000000004e-06,1.6728563636363631,7106
2.6200000000000001,5.7884829999999999e-06,1.7075299999999998,7282
2.6499999999999999,8.1648069999999993e-06,1.7586754545454542,7501
2.6699999999999999,1.0044219999999999e-05,1.7907063636363636,7718
2.7000000000000002,1.3248120000000001e-05,1.8381436363636363,7933
2.75,1.964066e-05,1.9139645454545453,8327
2.7999999999999998,2.7181579999999999e-05,1.9862618181818184,8745
2.8500000000000001,3.5759749999999999e-05,2.0541209090909089,9085
2.8999999999999999,4.5329769999999999e-05,2.1197618181818179,9404
2.9199999999999999,4.9421980000000001e-05,2.145777272727273,9536
2.9500000000000002,5.5793830000000003e-05,2.1827900000000002,9716
2.9500000000000002,5.5814189999999998e-05,2.18337,9689
2.9700000000000002,6.0173149999999998e-05,2.2077109090909093,9813
3,6.6957990000000004e-05,2.2442390909090908,10032
3.02,7.1618950000000003e-05,2.2687627272727271,10131
3.0499999999999998,7.8760620000000001e-05,2.3041972727272726,10316
3.1000000000000001,9.1077110000000003e-05,2.3612081818181818,10615
3.1200000000000001,9.6130030000000005e-05,2.3828763636363637,10725
