2,3.4640099999999999e-13,0.48019590909090915,1455
2.02,7.5633077444444428e-11,0.48068236363636369,1448
2.04,1.6163491333333332e-13,0.4816249090909091,1453
2.0600000000000001,1.4426515344444444e-11,0.48548627272727268,1472
2.0800000000000001,3.8517081888888889e-12,0.49047272727272728,1514
2.1000000000000001,7.2689266666666674e-13,0.50029354545454541,1596
2.1200000000000001,1.1498395444444444e-12,0.52124263636363644,1777
2.1400000000000001,2.5158640000000008e-14,0.55429281818181819,2033
2.1600000000000001,1.1327773e-12,0.59612981818181821,2291
2.1800000000000002,2.1969614444444446e-12,0.64471690909090917,2529
2.2000000000000002,4.6584667777777769e-12,0.70020609090909092,2678
2.2199999999999998,1.1785174444444445e-11,0.75076945454545452,2911
2.2400000000000002,1.9838752222222223e-11,0.80416072727272725,3194
2.2599999999999998,4.2074445555555557e-11,0.85876799999999998,3510
2.2799999999999998,8.9411511111111105e-11,0.91276718181818173,3820
2.2999999999999998,1.8858484444444444e-10,0.96564145454545447,4134
2.3199999999999998,3.9886594444444443e-10,1.0191845454545456,4465
2.3399999999999999,8.22596e-10,1.0709945454545453,4786
2.3599999999999999,1.7123523333333334e-09,1.1224709090909093,5098
2.3799999999999999,3.5712061111111111e-09,1.1761636363636365,5412
2.3999999999999999,1.3253149999999999e-08,1.2276718181818183,5741
2.4199999999999999,2.5857959999999999e-08,1.2751336363636361,5952
2.4399999999999999,5.152583e-08,1.3270354545454546,6334
2.46,9.8752440000000004e-08,1.3756209090909091,6612
2.48,1.824757e-07,1.4234799999999999,6892
2.5,3.1641839999999999e-07,1.4681454545454544,7172
2.52,5.3683299999999995e-07,1.5129627272727271,7427
2.54,8.6983929999999996e-07,1.556259090909091,7682
2.5600000000000001,1.344268e-06,1.5980636363636362,7957
2.5800000000000001,1.988949e-06,1.6377127272727277,8184
2.6000000000000001,2.8194239999999999e-06,1.6751727272727273,8365
2.6200000000000001,3.8886359999999996e-06,1.7143936363636363,8644
2.6400000000000001,5.1873570000000004e-06,1.7507590909090909,8852
2.6600000000000001,6.7287319999999997e-06,1.7854809090909092,9063
2.6800000000000002,8.4315470000000007e-06,1.8188663636363638,9260
2.7000000000000002,1.0446720000000001e-05,1.8512172727272727,9426
2.7199999999999998,1.267805e-05,1.8860899999999996,9661
2.7400000000000002,1.5137919999999999e-05,1.9149445454545455,9814
2.7599999999999998,1.7820919999999999e-05,1.9457454545454544,10037
2.7800000000000002,2.0702130000000002e-05,1.9746299999999999,10180
2.7999999999999998,2.3767159999999999e-05,2.0033027272727271,10356
2.8199999999999998,2.7123839999999999e-05,2.0333718181818181,10559
2.8399999999999999,3.0590969999999997e-05,2.0615890909090906,10720
2.8599999999999999,3.412361e-05,2.0884363636363643,10862
2.8799999999999999,3.7964630000000001e-05,2.1155581818181819,11037
2.8999999999999999,4.1941019999999998e-05,2.1425872727272726,11189
2.9199999999999999,4.6043289999999999e-05,2.1689190909090912,11345
2.9399999999999999,5.0359889999999998e-05,2.1948236363636364,11535
2.96,5.4800270000000002e-05,2.2212745454545453,11656
2.98,5.9391670000000001e-05,2.2467554545454544,11850
