2,4.3626126666666659e-13,0.4476259090909091,1563
2.0499999999999998,1.1532771055555557e-12,0.47659981818181829,1755
2.1000000000000001,2.3506161888888889e-12,0.57041481818181827,2354
2.1499999999999999,1.1155063333333331e-11,0.70055363636363632,2876
2.2000000000000002,9.0338032222222236e-11,0.83459672727272749,3655
2.25,5.6429529999999995e-10,0.96324136363636359,4441
2.2999999999999998,3.5698490000000001e-09,1.0945399999999998,5188
2.3500000000000001,2.2156589999999999e-08,1.2238872727272729,6018
2.3999999999999999,1.1611359999999999e-07,1.346858181818182,6750
2.4199999999999999,2.128264e-07,1.396388181818182,7053
2.4500000000000002,4.9322929999999998e-07,1.4641881818181817,7472
2.4700000000000002,8.1320929999999996e-07,1.5081954545454546,7744
2.5,1.5429690000000001e-06,1.5682790909090911,8120
2.52,2.266352e-06,1.6091781818181821,8321
2.5499999999999998,3.7240599999999998e-06,1.6651727272727272,8670
2.5699999999999998,4.9433529999999997e-06,1.7018045454545458,8886
2.6000000000000001,7.2315689999999997e-06,1.7532881818181816,9206
2.6200000000000001,9.035949e-06,1.7856127272727271,9401
2.6499999999999999,1.2166519999999999e-05,1.8333445454545454,9678
2.6699999999999999,1.442057e-05,1.8636000000000004,9854
2.7000000000000002,1.8297100000000001e-05,1.9084654545454547,10150
2.75,2.5635549999999999e-05,1.9783054545454541,10579
2.7999999999999998,3.3878570000000002e-05,2.0448572727272731,10945
2.8500000000000001,4.2887920000000001e-05,2.1063736363636361,11324
2.8999999999999999,5.2948239999999998e-05,2.1669727272727268,11680
2.9199999999999999,5.7102860000000002e-05,2.1880799999999998,11794
2.9500000000000002,6.3102859999999995e-05,2.2204290909090912,12021
2.9500000000000002,6.3307939999999993e-05,2.2209563636363638,12020
2.9700000000000002,6.8016120000000002e-05,2.246396363636364,12162
3,7.4672609999999995e-05,2.2785700000000002,12358
3.02,7.9278549999999993e-05,2.2988818181818185,12483
3.0499999999999998,8.6330660000000001e-05,2.3289563636363635,12686
3.1000000000000001,9.7878339999999997e-05,2.3740327272727275,12993
3.1200000000000001,0.0001025648,2.3904700000000001,13127
