2,4.6488654444444445e-13,0.45900790909090911,1444
2.0499999999999998,6.4880171111111115e-13,0.47214227272727277,1524
2.1000000000000001,7.4933272222222228e-12,0.53999227272727268,1847
2.1499999999999999,4.7261727777777769e-11,0.66126927272727276,2474
2.2000000000000002,2.7745540000000002e-10,0.79193663636363631,3272
2.25,1.5920759999999999e-09,0.92297227272727289,4086
2.2999999999999998,8.4115630000000008e-09,1.0480227272727272,4884
2.3500000000000001,3.7737660000000001e-08,1.1626109090909091,5467
2.3999999999999999,1.463173e-07,1.2703854545454545,6272
2.4199999999999999,2.3931129999999999e-07,1.3118754545454545,6507
2.4500000000000002,4.7881449999999995e-07,1.3718372727272727,6895
2.4700000000000002,7.3846449999999998e-07,1.4117909090909093,7139
2.5,1.32767e-06,1.4677681818181818,7487
2.52,1.9038549999999999e-06,1.5074454545454543,7741
2.5499999999999998,3.0887970000000001e-06,1.5631427272727272,8013
2.5699999999999998,4.1465759999999996e-06,1.5980036363636361,8325
2.6000000000000001,6.1053459999999998e-06,1.6512172727272727,8625
2.6200000000000001,7.7015280000000006e-06,1.687642727272727,8848
2.6499999999999999,1.052943e-05,1.7353627272727274,9153
2.6699999999999999,1.26781e-05,1.768228181818182,9363
2.7000000000000002,1.629962e-05,1.8145672727272726,9693
2.75,2.336146e-05,1.8907945454545454,10124
2.7999999999999998,3.1438929999999997e-05,1.9582763636363636,10604
2.8500000000000001,4.059364e-05,2.028580909090909,10987
2.8999999999999999,5.0673420000000003e-05,2.094130909090909,11379
2.9199999999999999,5.4942509999999999e-05,2.1205218181818184,11544
2.9500000000000002,6.1555109999999997e-05,2.1549836363636365,11779
2.9500000000000002,6.1546179999999996e-05,2.1573145454545455,11790
2.9700000000000002,6.6109410000000002e-05,2.18208,11927
3,7.3087030000000002e-05,2.2179836363636358,12124
3.02,7.7902860000000006e-05,2.24057,12274
3.0499999999999998,8.5357180000000002e-05,2.277487272727273,12524
3.1000000000000001,9.7918839999999998e-05,2.3350590909090911,12850
3.1200000000000001,0.0001030277,2.3562927272727272,12982
