2,1.2427062222222222e-12,0.47189663636363638,1177
2.0499999999999998,7.4764462222222226e-13,0.47947645454545457,1205
2.1000000000000001,2.4772053333333336e-12,0.52704209090909093,1413
2.1499999999999999,2.1304425555555559e-11,0.64767472727272724,1894
2.2000000000000002,1.302155e-10,0.77953881818181803,2550
2.25,7.5901819999999998e-10,0.91238509090909092,3239
2.2999999999999998,4.1240620000000001e-09,1.0402,3931
2.3500000000000001,2.0207710000000002e-08,1.1601245454545455,4589
2.3999999999999999,7.4874589999999995e-08,1.2617018181818183,4705
2.4199999999999999,1.2786089999999999e-07,1.3040790909090909,5366
2.4500000000000002,2.6634430000000002e-07,1.3649936363636361,5686
2.4700000000000002,4.228453e-07,1.4047663636363639,5861
2.5,8.0112270000000002e-07,1.4630400000000001,6204
2.52,1.1861529999999999e-06,1.501799090909091,6363
2.5499999999999998,2.0249470000000001e-06,1.5582963636363636,6697
2.5699999999999998,2.7815220000000001e-06,1.5930945454545453,6898
2.6000000000000001,4.3316420000000001e-06,1.6499581818181819,7150
2.6200000000000001,5.6218769999999999e-06,1.6827645454545455,7367
2.6499999999999999,7.9637290000000007e-06,1.7368972727272727,7645
2.6699999999999999,9.8098009999999999e-06,1.7696409090909091,7791
2.7000000000000002,1.29949e-05,1.818800909090909,8079
2.75,1.9363540000000001e-05,1.8962263636363637,8447
2.7999999999999998,2.6771299999999999e-05,1.9684027272727271,8881
2.8500000000000001,3.5383609999999999e-05,2.0372054545454543,9206
2.8999999999999999,4.4923840000000001e-05,2.104318181818182,9566
2.9199999999999999,4.8981199999999998e-05,2.1302790909090912,9731
2.9500000000000002,5.5327210000000002e-05,2.1680236363636367,9877
2.9500000000000002,5.5348020000000001e-05,2.168393636363636,9919
2.9700000000000002,5.9719339999999999e-05,2.1936800000000001,10004
3,6.6437850000000006e-05,2.2297990909090908,10213
3.02,7.1103699999999995e-05,2.2537354545454544,10334
3.0499999999999998,7.8231049999999994e-05,2.2900072727272729,10519
3.1000000000000001,9.0525330000000001e-05,2.3471172727272727,10830
3.1200000000000001,9.5565539999999994e-05,2.3693963636363637,10966
