2,1.2913356888888887e-12,0.43543990909090907,1550
2.0499999999999998,1.9736011111111111e-12,0.45667581818181807,1691
2.1000000000000001,1.5164535555555557e-11,0.55683981818181827,2198
2.1499999999999999,9.0823466666666654e-11,0.68885736363636363,3029
2.2000000000000002,5.2560190000000001e-10,0.82167290909090906,3936
2.25,2.9024760000000001e-09,0.95077518181818166,4803
2.2999999999999998,1.440479e-08,1.0706709090909092,5685
2.3500000000000001,5.4783770000000002e-08,1.1740263636363635,6062
2.3999999999999999,1.9481659999999999e-07,1.2764600000000002,7096
2.4199999999999999,3.079831e-07,1.316048181818182,7345
2.4500000000000002,5.9022920000000002e-07,1.373649090909091,7775
2.4700000000000002,8.8656410000000002e-07,1.4108409090909093,8033
2.5,1.5307569999999999e-06,1.46838,8429
2.52,2.1326839999999999e-06,1.5044999999999999,8687
2.5499999999999998,3.385707e-06,1.5585099999999998,9075
2.5699999999999998,4.4846159999999998e-06,1.5952736363636362,9321
2.6000000000000001,6.5090979999999996e-06,1.6474427272727274,9651
2.6200000000000001,8.1378179999999995e-06,1.6819036363636359,9885
2.6499999999999999,1.0970279999999999e-05,1.7320790909090911,10269
2.6699999999999999,1.3180169999999999e-05,1.7639309090909092,10513
2.7000000000000002,1.681814e-05,1.8104845454545455,10834
2.75,2.3861559999999999e-05,1.8847481818181819,11347
2.7999999999999998,3.1976880000000001e-05,1.9547472727272726,11768
2.8500000000000001,4.1118960000000001e-05,2.0209709090909089,12226
2.8999999999999999,5.1138799999999999e-05,2.0852299999999997,12678
2.9199999999999999,5.5385130000000001e-05,2.11199,12854
2.9500000000000002,6.1898660000000001e-05,2.1493063636363634,13111
2.9500000000000002,6.1877800000000006e-05,2.1488154545454545,13159
2.9700000000000002,6.6387020000000001e-05,2.1724436363636364,13325
3,7.3338799999999997e-05,2.2092381818181819,13530
3.02,7.8137200000000001e-05,2.2312736363636358,13695
3.0499999999999998,8.5431190000000002e-05,2.2682190909090907,13967
3.1000000000000001,9.8026739999999997e-05,2.3230281818181813,14306
3.1200000000000001,0.0001031157,2.3430045454545461,14491
