2,3.4279864444444444e-12,0.5043970000000001,1401
2.0113131313131314,2.1197269888888885e-12,0.51050563636363644,1460
2.0226262626262628,5.2766503666666662e-12,0.51874145454545451,1534
2.0339393939393942,6.4711273444444401e-13,0.52928727272727272,1640
2.0452525252525251,1.000461917777778e-11,0.5422946363636364,1746
2.0565656565656565,7.8026517666666736e-13,0.56040745454545449,1864
2.0678787878787879,2.9131094555555562e-12,0.5807088181818183,1987
2.0791919191919193,2.9352771633333331e-12,0.60562945454545458,2107
2.0905050505050506,1.5274623333333333e-12,0.63091445454545447,2208
2.101818181818182,2.5267630777777773e-12,0.6593606363636364,2320
2.113131313131313,4.5541967444444456e-12,0.68868772727272731,2422
2.1244444444444444,8.2839013333333344e-12,0.72035536363636365,2527
2.1357575757575757,1.2201431111111113e-11,0.74749427272727287,2641
2.1470707070707071,1.8388262222222226e-11,0.77812845454545465,2764
2.1583838383838385,2.9030575555555555e-11,0.81119390909090905,2913
2.1696969696969699,4.409510444444444e-11,0.83887981818181823,3069
2.1810101010101008,8.158935666666667e-11,0.87370790909090923,3241
2.1923232323232322,1.062814e-10,0.89993545454545465,3423
2.2036363636363636,1.6274750000000001e-10,0.92996163636363649,3582
2.214949494949495,2.6126829999999999e-10,0.95956245454545475,3760
2.2262626262626264,3.7237840000000002e-10,0.98907218181818191,3921
2.2375757575757578,5.6789769999999996e-10,1.0180954545454546,4081
2.2488888888888887,8.3995670000000005e-10,1.0495181818181818,4255
2.2602020202020201,1.3041480000000001e-09,1.0824018181818182,4428
2.2715151515151515,1.8722970000000001e-09,1.1028863636363637,4570
2.2828282828282829,2.8799540000000002e-09,1.1351909090909091,4754
2.2941414141414143,4.3545659999999997e-09,1.1632109090909091,4909
2.3054545454545456,6.4482110000000003e-09,1.1912327272727272,5083
2.316767676767677,9.7202939999999998e-09,1.2211372727272727,5231
2.328080808080808,1.450702e-08,1.2490363636363637,5406
2.3393939393939394,2.0497540000000002e-08,1.2744136363636365,5560
2.3507070707070707,3.1342870000000003e-08,1.3050172727272729,5688
2.3620202020202021,4.403287e-08,1.330940909090909,5848
2.3733333333333335,6.3577680000000006e-08,1.3574700000000002,6017
2.3846464646464645,9.0816929999999996e-08,1.3856436363636364,6165
2.3959595959595958,1.265048e-07,1.4118109090909092,6288
2.4072727272727272,1.795306e-07,1.4394363636363636,6448
2.4185858585858586,2.4585489999999998e-07,1.4632927272727274,6600
2.42989898989899,3.382831e-07,1.4887000000000001,6731
2.4412121212121214,4.5689470000000001e-07,1.5139245454545454,6870
2.4525252525252528,6.0191550000000001e-07,1.539392727272727,7015
2.4638383838383837,7.8843409999999997e-07,1.5619418181818183,7163
2.4751515151515151,1.019525e-06,1.5862227272727274,7274
2.4864646464646465,1.2903580000000001e-06,1.6093518181818183,7414
2.4977777777777779,1.6311520000000001e-06,1.6337263636363633,7539
2.5090909090909093,2.0067179999999999e-06,1.654450909090909,7664
2.5204040404040402,2.4312959999999998e-06,1.6749954545454544,7778
2.5317171717171716,2.9325439999999998e-06,1.6969700000000003,7905
2.543030303030303,3.508649e-06,1.7186999999999999,8022
2.5543434343434344,4.1742510000000001e-06,1.7389381818181819,8146
2.5656565656565657,4.9138819999999996e-06,1.760609090909091,8259
2.5769696969696971,5.7177579999999998e-06,1.7814563636363636,8379
2.5882828282828285,6.5863550000000004e-06,1.8007845454545455,8476
2.5995959595959599,7.5696759999999999e-06,1.8204781818181821,8591
2.6109090909090908,8.604902e-06,1.8402009090909091,8702
2.6222222222222222,9.7327090000000005e-06,1.85944,8815
2.6335353535353536,1.090316e-05,1.8795881818181819,8907
2.644848484848485,1.2187610000000001e-05,1.89764,9011
2.6561616161616164,1.34641e-05,1.915570909090909,9113
2.6674747474747473,1.4897209999999999e-05,1.9325590909090906,9231
2.6787878787878787,1.6385909999999999e-05,1.9511281818181816,9310
2.6901010101010101,1.7918150000000001e-05,1.9687854545454544,9424
2.7014141414141415,1.9563270000000001e-05,1.9873254545454544,9516
2.7127272727272729,2.1204539999999999e-05,2.0044036363636368,9611
2.7240404040404043,2.2982970000000001e-05,2.0213609090909093,9706
2.7353535353535356,2.480223e-05,2.0387472727272731,9805
2.7466666666666666,2.663818e-05,2.0562500000000004,9898
2.757979797979798,2.862266e-05,2.0720836363636366,9986
2.7692929292929294,3.063461e-05,2.0886481818181819,10073
2.7806060606060607,3.2633340000000001e-05,2.1056072727272723,10162
2.7919191919191921,3.4758480000000001e-05,2.1221381818181819,10253
2.8032323232323231,3.687952e-05,2.1375472727272733,10331
2.8145454545454545,3.9145450000000003e-05,2.1538372727272725,10434
2.8258585858585858,4.1400419999999999e-05,2.1698209090909093,10510
2.8371717171717172,4.374322e-05,2.1867199999999998,10602
2.8484848484848486,4.6117540000000003e-05,2.20079,10681
2.85979797979798,4.8457800000000002e-05,2.2169272727272724,10768
2.8711111111111114,5.0942619999999997e-05,2.23197,10833
2.8824242424242428,5.31054e-05,2.25,10928
2.8937373737373737,5.6014880000000003e-05,2.2603881818181821,11030
2.9050505050505051,5.8415999999999998e-05,2.2749136363636366,11079
2.9163636363636365,6.1009199999999999e-05,2.2866445454545459,11159
2.9276767676767679,6.3520190000000001e-05,2.3001372727272726,11248
2.9389898989898988,6.6185960000000004e-05,2.3148172727272724,11336
2.9503030303030302,6.8861210000000005e-05,2.3268200000000001,11428
2.9616161616161616,7.149085e-05,2.3388863636363637,11504
2.972929292929293,7.4168939999999997e-05,2.3516818181818184,11586
2.9842424242424244,7.6860360000000004e-05,2.3622872727272726,11679
2.9955555555555557,7.9574429999999997e-05,2.373199090909091,11774
3.0068686868686871,8.2164789999999996e-05,2.3836827272727277,11906
3.0181818181818185,8.4837420000000003e-05,2.3931336363636362,12045
3.0294949494949499,8.750738e-05,2.4009454545454543,12196
3.0408080808080808,9.0050330000000003e-05,2.4096390909090908,12365
3.0521212121212122,9.2717220000000002e-05,2.4181472727272726,12634
3.0634343434343436,9.5324359999999995e-05,2.424891818181818,12942
3.0747474747474746,9.7964800000000001e-05,2.4302436363636364,13314
3.0860606060606059,0.0001005677,2.4372918181818188,13808
3.0973737373737373,0.0001031547,2.4419727272727272,14405
3.1086868686868687,0.0001057278,2.4465009090909091,15247
3.1200000000000001,0.0001082856,2.4506654545454549,16343
