2,8.8546460000000006e-11,0.49889472727272738,912
2.0499999999999998,9.1106702222222219e-11,0.61015472727272724,1251
2.1000000000000001,1.5274869999999999e-10,0.73782318181818174,1656
2.1499999999999999,5.1914740000000001e-10,0.86469909090909103,2085
2.2000000000000002,2.6117019999999998e-09,0.9954786363636362,2567
2.25,1.4346480000000001e-08,1.1252218181818183,3031
2.2999999999999998,7.0501219999999994e-08,1.246849090909091,3210
2.3500000000000001,2.7338869999999998e-07,1.3599081818181817,3858
2.3999999999999999,9.1496369999999996e-07,1.4649809090909089,4251
2.4199999999999999,1.3360650000000001e-06,1.506580909090909,4388
2.4500000000000002,2.3550989999999999e-06,1.5674572727272726,4595
2.4700000000000002,3.2346010000000002e-06,1.6085381818181821,4734
2.5,4.9854310000000004e-06,1.6593481818181817,4918
2.52,6.3104230000000002e-06,1.6930499999999997,5036
2.5499999999999998,8.8182740000000005e-06,1.7427963636363637,5217
2.5699999999999998,1.087532e-05,1.7761909090909092,5333
2.6000000000000001,1.420546e-05,1.8223972727272724,5493
2.6200000000000001,1.6660089999999999e-05,1.8521963636363636,5598
2.6499999999999999,2.0768099999999999e-05,1.8954699999999998,5757
2.6699999999999999,2.374311e-05,1.9258199999999996,5849
2.7000000000000002,2.8349959999999999e-05,1.9651636363636362,5995
2.75,3.7086750000000002e-05,2.0327172727272731,6224
2.7999999999999998,4.6469060000000003e-05,2.0965818181818183,6440
2.8500000000000001,5.6703460000000001e-05,2.1587399999999999,6649
2.8999999999999999,6.731943e-05,2.217998181818182,6861
2.9199999999999999,7.1815780000000003e-05,2.2426400000000002,6935
2.9500000000000002,7.8573789999999996e-05,2.2746681818181815,7046
2.9500000000000002,7.8587949999999997e-05,2.2740572727272732,7051
2.9700000000000002,8.3127130000000001e-05,2.2961054545454549,7135
3,9.0056059999999997e-05,2.3272463636363643,7244
3.02,9.4622160000000001e-05,2.3462181818181813,7324
3.0499999999999998,0.00010143110000000001,2.3741545454545459,7450
3.1000000000000001,0.0001127482,2.41724909090909,7728
3.1200000000000001,0.00011719190000000001,2.4328336363636369,7899
