2,8.4380877777777773e-13,0.51957018181818171,1052
2.0499999999999998,1.8573357777777777e-12,0.54243490909090919,1179
2.1000000000000001,1.342349111111111e-12,0.62118363636363627,1562
2.1499999999999999,1.2741512222222222e-11,0.7455095454545454,1960
2.2000000000000002,7.531533444444444e-11,0.87901781818181812,2484
2.25,4.8116639999999999e-10,1.0114918181818184,3079
2.2999999999999998,2.98448e-09,1.14418,3649
2.3500000000000001,1.7371429999999999e-08,1.2722454545454547,4229
2.3999999999999999,9.3425810000000005e-08,1.3995490909090911,4387
2.4199999999999999,1.7034870000000001e-07,1.4458872727272727,5008
2.4500000000000002,3.8602629999999999e-07,1.5144209090909089,5297
2.4700000000000002,6.3534280000000002e-07,1.5566545454545455,5491
2.5,1.214065e-06,1.6189845454545455,5756
2.52,1.7966380000000001e-06,1.6586927272727274,5935
2.5499999999999998,3.0318649999999998e-06,1.7169172727272726,6147
2.5699999999999998,4.1144760000000003e-06,1.7531590909090908,6345
2.6000000000000001,6.1636319999999998e-06,1.8057909090909092,6576
2.6200000000000001,7.8396220000000005e-06,1.8402709090909091,6722
2.6499999999999999,1.078286e-05,1.8902263636363634,6943
2.6699999999999999,1.295773e-05,1.9216036363636362,7079
2.7000000000000002,1.6763439999999999e-05,1.9674536363636363,7287
2.75,2.4142029999999999e-05,2.0431927272727268,7603
2.7999999999999998,3.2765249999999999e-05,2.114859090909091,7920
2.8500000000000001,4.2327779999999997e-05,2.18336,8214
2.8999999999999999,5.2951010000000002e-05,2.2503127272727275,8497
2.9199999999999999,5.739333e-05,2.2747590909090909,8614
2.9500000000000002,6.4331980000000005e-05,2.3102172727272723,8776
2.9500000000000002,6.4361770000000002e-05,2.3118818181818184,8775
2.9700000000000002,6.9061670000000001e-05,2.3346245454545453,8884
3,7.6274049999999999e-05,2.3675536363636365,9052
3.02,8.095461e-05,2.3874981818181817,9159
3.0499999999999998,8.8190069999999999e-05,2.4153500000000001,9375
3.1000000000000001,0.00010012380000000001,2.4562745454545456,9979
3.1200000000000001,0.00010484659999999999,2.4693190909090914,10456
