2,2.3592262666666664e-12,0.46981009090909093,1383
2.0499999999999998,2.1041479888888893e-12,0.47788081818181821,1431
2.1000000000000001,6.99166688888889e-13,0.52860718181818189,1663
2.1499999999999999,1.5250583333333336e-11,0.64706081818181815,2248
2.2000000000000002,1.008623e-10,0.77803509090909095,3045
2.25,5.9577869999999998e-10,0.91011409090909079,3889
2.2999999999999998,3.3143449999999999e-09,1.0387263636363639,4692
2.3500000000000001,1.6568710000000001e-08,1.1601245454545455,5521
2.3999999999999999,6.5919680000000001e-08,1.26658,5738
2.4199999999999999,1.138994e-07,1.3099727272727273,6444
2.4500000000000002,2.403575e-07,1.3726054545454547,6839
2.4700000000000002,3.839621e-07,1.4128672727272726,7078
2.5,7.364677e-07,1.4716645454545452,7473
2.52,1.100905e-06,1.5112818181818179,7731
2.5499999999999998,1.906283e-06,1.5673790909090906,8082
2.5699999999999998,2.6436169999999998e-06,1.6065681818181821,8363
2.6000000000000001,4.136436e-06,1.6616209090909089,8721
2.6200000000000001,5.388687e-06,1.6952554545454546,8954
2.6499999999999999,7.6752179999999999e-06,1.7481581818181817,9234
2.6699999999999999,9.4713030000000001e-06,1.7819145454545455,9458
2.7000000000000002,1.260691e-05,1.8300009090909091,9785
2.75,1.8862619999999999e-05,1.9067818181818181,10308
2.7999999999999998,2.616905e-05,1.9783754545454544,10742
2.8500000000000001,3.4672709999999998e-05,2.0480981818181818,11222
2.8999999999999999,4.4160370000000003e-05,2.1146290909090908,11619
2.9199999999999999,4.8200710000000002e-05,2.1393018181818184,11768
2.9500000000000002,5.4510659999999997e-05,2.1759136363636364,11949
2.9500000000000002,5.4495140000000002e-05,2.1782754545454548,11985
2.9700000000000002,5.8862939999999998e-05,2.2029472727272728,12145
3,6.5573160000000002e-05,2.2398027272727274,12343
3.02,7.0189659999999994e-05,2.2631572727272729,12526
3.0499999999999998,7.7269880000000002e-05,2.2959009090909093,12709
3.1000000000000001,8.9486699999999998e-05,2.3537454545454546,13100
3.1200000000000001,9.4487689999999999e-05,2.3756881818181821,13227
