2,8.2968800555555545e-13,0.47466209090909089,1479
2.02,1.0378726666666666e-13,0.47636481818181819,1480
2.04,2.1319918888888891e-13,0.47882754545454548,1503
2.0600000000000001,5.4704799999999993e-13,0.48271945454545445,1544
2.0800000000000001,3.9573794444444449e-13,0.48925663636363637,1617
2.1000000000000001,4.7759634777777779e-13,0.5040637272727273,1787
2.1200000000000001,5.6506784444444438e-13,0.5289047272727273,2071
2.1400000000000001,1.047665111111111e-12,0.56484327272727264,2407
2.1600000000000001,1.5697544444444444e-12,0.60859600000000003,2599
2.1800000000000002,2.8209732222222218e-12,0.65797381818181822,2706
2.2000000000000002,5.9351348888888887e-12,0.7095100909090909,2864
2.2199999999999998,1.192795222222222e-11,0.76284045454545446,3124
2.2400000000000002,2.4609304444444449e-11,0.8156234545454546,3463
2.2599999999999998,5.1459567777777772e-11,0.86828481818181824,3772
2.2799999999999998,1.0795361111111111e-10,0.92216245454545465,4102
2.2999999999999998,2.2719280000000003e-10,0.97527990909090923,4431
2.3199999999999998,4.7754066666666673e-10,1.0284881818181819,4763
2.3399999999999999,9.7487111111111113e-10,1.0780181818181818,5072
2.3599999999999999,2.0251561111111111e-09,1.1301027272727273,5422
2.3799999999999999,4.1696452222222217e-09,1.1824590909090906,5731
2.3999999999999999,1.5459309999999999e-08,1.2334481818181819,6049
2.4199999999999999,3.125864e-08,1.2843745454545454,6255
2.4399999999999999,6.1223599999999998e-08,1.3324772727272729,6685
2.46,1.153161e-07,1.3808227272727274,7000
2.48,2.0893470000000001e-07,1.4274618181818182,7295
2.5,3.5977980000000003e-07,1.4714,7571
2.52,6.0080219999999997e-07,1.5161536363636365,7835
2.54,9.5876440000000007e-07,1.5589954545454547,8108
2.5600000000000001,1.4620130000000001e-06,1.6002845454545456,8352
2.5800000000000001,2.138504e-06,1.6403272727272729,8609
2.6000000000000001,3.025825e-06,1.6786381818181817,8852
2.6200000000000001,4.1266420000000003e-06,1.7163390909090912,9104
2.6400000000000001,5.4769220000000002e-06,1.7528563636363637,9321
2.6600000000000001,7.0593910000000001e-06,1.7903454545454549,9547
2.6800000000000002,8.8033719999999995e-06,1.8215399999999997,9742
2.7000000000000002,1.085476e-05,1.8539236363636364,9965
2.7199999999999998,1.3125000000000001e-05,1.8876118181818184,10155
2.7400000000000002,1.561855e-05,1.9183818181818184,10355
2.7599999999999998,1.8319570000000001e-05,1.9493336363636367,10558
2.7800000000000002,2.1206890000000001e-05,1.9796772727272725,10753
2.7999999999999998,2.43676e-05,2.0090790909090908,10926
2.8199999999999998,2.771318e-05,2.0376890909090903,11129
2.8399999999999999,3.1239119999999998e-05,2.0661199999999997,11299
2.8599999999999999,3.4773500000000002e-05,2.092904545454545,11478
2.8799999999999999,3.861729e-05,2.1202381818181815,11644
2.8999999999999999,4.2609179999999997e-05,2.146660909090909,11789
2.9199999999999999,4.6743940000000001e-05,2.1728100000000001,11966
2.9399999999999999,5.1030099999999998e-05,2.1995663636363636,12128
2.96,5.5477789999999999e-05,2.2247709090909096,12278
2.98,6.005849e-05,2.2491263636363636,12454
