2,6.5784511999999994e-14,0.42029881818181813,1314
2.0499999999999998,7.2774238888888881e-14,0.4207867272727272,1226
2.1000000000000001,9.757048544444442e-13,0.42109172727272737,1206
2.1499999999999999,9.6947862333333329e-13,0.4213967272727272,1192
2.2000000000000002,8.1809756666666667e-14,0.42154927272727272,1179
2.25,8.6715132222222232e-14,0.42182372727272727,1174
2.2999999999999998,9.6925834444444451e-14,0.42170163636363645,1168
2.3500000000000001,9.3462475555555548e-14,0.42215936363636358,1163
2.3999999999999999,9.6947154444444462e-14,0.42215918181818179,1162
2.4199999999999999,1.0429424888888888e-13,0.42240318181818187,1160
2.4500000000000002,1.3039848333333335e-13,0.42237263636363642,1155
2.4700000000000002,1.0145214888888889e-13,0.42228127272727273,1151
2.5,1.0247293222222222e-13,0.42228127272727273,1150
2.52,1.0748922333333333e-13,0.42249481818181817,1147
2.5499999999999998,1.1035238444444443e-13,0.42218981818181817,1148
2.5699999999999998,1.0486929333333335e-13,0.42228127272727273,1147
2.6000000000000001,1.060232688888889e-13,0.42237272727272734,1147
2.6200000000000001,1.030263211111111e-13,0.42258618181818181,1145
2.6499999999999999,9.7054987777777781e-14,0.42273881818181819,1142
2.6699999999999999,1.0136098666666665e-13,0.42258618181818181,1137
2.7000000000000002,1.0664363444444444e-13,0.42286090909090907,1136
2.75,9.909641666666667e-14,0.4226472727272727,1135
2.7999999999999998,1.0324702111111112e-13,0.42276936363636364,1135
2.8500000000000001,1.1718648555555556e-13,0.42289127272727273,1135
2.8999999999999999,9.5011514444444457e-14,0.42261672727272726,1132
2.9199999999999999,9.2813836666666668e-14,0.42289127272727273,1133
2.9500000000000002,9.7319603333333337e-14,0.4226472727272727,1133
2.9500000000000002,1.1194701111111113e-13,0.42298272727272723,1136
2.9700000000000002,1.5768571837777778e-11,0.42286081818181825,1134
3,3.4074766444444444e-13,0.4229522727272727,1132
3.02,8.0662297566666661e-12,0.4228302727272728,1130
3.0499999999999998,1.3782725311111111e-13,0.42295218181818178,1128
3.1000000000000001,8.1544189777777766e-13,0.42304363636363629,1129
3.1200000000000001,1.696461292222222e-12,0.42298272727272723,1132
