2,7.0572684444444444e-14,0.47527245454545458,822
2.0499999999999998,3.1207181111111106e-13,0.48187000000000002,852
2.1000000000000001,6.9187652222222226e-12,0.53004945454545471,1033
2.1499999999999999,4.607699888888889e-11,0.65264590909090903,1505
2.2000000000000002,2.7192959999999999e-10,0.78395781818181798,2072
2.25,1.5366339999999999e-09,0.91447172727272741,2661
2.2999999999999998,7.9345730000000008e-09,1.0399527272727271,3203
2.3500000000000001,3.446704e-08,1.1534963636363635,3643
2.3999999999999999,1.25613e-07,1.2573427272727271,4206
2.4199999999999999,2.015531e-07,1.2962245454545456,4398
2.4500000000000002,3.879599e-07,1.3525354545454544,4640
2.4700000000000002,5.9067090000000002e-07,1.3925836363636364,4803
2.5,1.054168e-06,1.4483418181818182,5061
2.52,1.507609e-06,1.4860263636363635,5235
2.5499999999999998,2.469161e-06,1.5408345454545453,5471
2.5699999999999998,3.336639e-06,1.5768918181818181,5652
2.6000000000000001,5.0311610000000002e-06,1.6308709090909093,5872
2.6200000000000001,6.42129e-06,1.665089090909091,6039
2.6499999999999999,8.9257160000000004e-06,1.7160299999999999,6254
2.6699999999999999,1.0879249999999999e-05,1.749079090909091,6402
2.7000000000000002,1.421134e-05,1.7949890909090909,6608
2.75,2.0771059999999999e-05,1.8720745454545453,6949
2.7999999999999998,2.8394360000000001e-05,1.9442527272727275,7288
2.8500000000000001,3.7104629999999999e-05,2.0126863636363637,7589
2.8999999999999999,4.6789760000000001e-05,2.0776518181818182,7885
2.9199999999999999,5.0921070000000001e-05,2.1036127272727274,8028
2.9500000000000002,5.7286400000000001e-05,2.1400436363636366,8157
2.9500000000000002,5.7277500000000002e-05,2.140307272727273,8187
2.9700000000000002,6.1698160000000002e-05,2.1636681818181818,8277
3,6.8503229999999994e-05,2.2015663636363634,8419
3.02,7.3163210000000005e-05,2.225318181818182,8518
3.0499999999999998,8.0348650000000002e-05,2.2608536363636365,8679
3.1000000000000001,9.2749820000000006e-05,2.3147099999999998,8914
3.1200000000000001,9.7784909999999993e-05,2.3372663636363633,9011
