2.1000000000000001,2.9885622222222225e-12,0.5566598181818182,2208
2.1499999999999999,2.3219707777777778e-11,0.69433154545454534,2647
2.2000000000000002,1.7907179999999999e-10,0.83468827272727286,3528
2.25,1.132611e-09,0.96394263636363631,4288
2.2999999999999998,7.4313160000000003e-09,1.10009,5085
2.3500000000000001,4.1161239999999998e-08,1.2265690909090909,5703
2.3999999999999999,1.9192839999999999e-07,1.3477736363636361,6574
2.4199999999999999,3.2881559999999998e-07,1.3915663636363638,6816
2.4500000000000002,6.7166319999999998e-07,1.4563781818181818,7202
2.4700000000000002,1.102998e-06,1.5024927272727273,7506
2.5,1.9675799999999999e-06,1.5631581818181817,7820
2.52,2.9252629999999998e-06,1.6036572727272727,8071
2.5499999999999998,4.4302609999999997e-06,1.6590109090909093,8404
2.5699999999999998,5.8796980000000002e-06,1.6947890909090908,8612
2.6000000000000001,8.4257850000000005e-06,1.7454799999999999,8929
2.6200000000000001,1.015442e-05,1.7765581818181821,9075
2.6499999999999999,1.335718e-05,1.8236763636363633,9359
2.6699999999999999,1.5823259999999999e-05,1.855309090909091,9521
2.7000000000000002,2.0063459999999999e-05,1.8968763636363635,9796
2.75,2.7435000000000001e-05,1.9668999999999999,10209
2.7999999999999998,3.6146940000000001e-05,2.0313154545454544,10580
2.8500000000000001,4.2183749999999997e-05,2.0889572727272734,10739
2.8999999999999999,5.1933759999999998e-05,2.1510545454545458,11066
2.9199999999999999,5.6229349999999997e-05,2.1746000000000003,11240
2.9500000000000002,6.2417470000000001e-05,2.2077800000000001,11434
2.9500000000000002,6.263443e-05,2.2091263636363636,11440
2.9700000000000002,6.6532560000000005e-05,2.2301081818181818,11581
3,7.3809310000000006e-05,2.2635963636363639,11759
3.02,7.8416919999999999e-05,2.2843963636363633,11908
3.0499999999999998,8.5396059999999998e-05,2.3155663636363637,12111
3.1000000000000001,9.730281e-05,2.3627754545454542,12425
3.1200000000000001,0.0001021039,2.3809572727272736,12561
