2,9.9948324444444437e-12,0.48977327272727272,2081
2.02,4.4077114133333333e-13,0.49098972727272727,2089
2.04,3.2086466666666671e-14,0.49390845454545462,2120
2.0600000000000001,1.3196761444444445e-14,0.49883409090909098,2203
2.0800000000000001,4.2287960000000003e-14,0.50926300000000002,2362
2.1000000000000001,4.2762811111111113e-13,0.53002945454545458,2704
2.1200000000000001,3.6252091111111107e-13,0.56256290909090911,3161
2.1400000000000001,9.129352222222221e-13,0.60537309090909086,3464
2.1600000000000001,2.0272838888888892e-12,0.6538993636363637,3567
2.1800000000000002,4.2777655555555563e-12,0.70732090909090906,3773
2.2000000000000002,9.1714411111111106e-12,0.75916145454545447,4042
2.2199999999999998,1.9299848888888891e-11,0.8127956363636365,4436
2.2400000000000002,4.1090995555555557e-11,0.8663085454545455,4877
2.2599999999999998,8.7342877777777773e-11,0.92033809090909091,5312
2.2799999999999998,1.8292418888888887e-10,0.97363809090909104,5728
2.2999999999999998,3.8856171111111115e-10,1.0268763636363634,6180
2.3199999999999998,8.0222233333333344e-10,1.0789609090909089,6601
2.3399999999999999,1.6259867777777779e-09,1.1289772727272727,7045
2.3599999999999999,3.3359592222222227e-09,1.1817899999999999,7461
2.3799999999999999,1.2438629999999999e-08,1.2325663636363637,7854
2.3999999999999999,2.513688e-08,1.28386,8399
2.4199999999999999,4.9379710000000003e-08,1.33257,8669
2.4399999999999999,9.3357419999999995e-08,1.38076,9066
2.46,1.7137969999999999e-07,1.4280400000000002,9438
2.48,2.99473e-07,1.472888181818182,9812
2.5,5.0024980000000001e-07,1.5159718181818185,10150
2.52,8.0459389999999999e-07,1.5579918181818184,10512
2.54,1.2453899999999999e-06,1.5991890909090911,10850
2.5600000000000001,1.840276e-06,1.6385027272727273,11143
2.5800000000000001,2.6176070000000001e-06,1.6772090909090911,11467
2.6000000000000001,3.6271739999999999e-06,1.7142718181818184,11776
2.6200000000000001,4.8477269999999999e-06,1.7502418181818185,12081
2.6400000000000001,6.3051260000000003e-06,1.7849945454545455,12348
2.6600000000000001,7.9974390000000007e-06,1.8188663636363638,12641
2.6800000000000002,9.8455919999999992e-06,1.8512172727272727,12892
2.7000000000000002,1.200467e-05,1.8825345454545455,13157
2.7199999999999998,1.437754e-05,1.9145199999999998,13407
2.7400000000000002,1.696711e-05,1.9445590909090911,13671
2.7599999999999998,1.9750910000000002e-05,1.9749018181818181,13915
2.7800000000000002,2.2734759999999998e-05,2.0060063636363634,14158
2.7999999999999998,2.5964789999999998e-05,2.0327954545454547,14383
2.8199999999999998,2.935739e-05,2.0610400000000002,14638
2.8399999999999999,3.292519e-05,2.0889527272727273,14852
2.8599999999999999,3.6537990000000001e-05,2.1152218181818183,15081
2.8799999999999999,4.0394520000000002e-05,2.141370909090909,15320
2.8999999999999999,4.4456380000000002e-05,2.1684009090909093,15545
2.9199999999999999,4.8630010000000001e-05,2.1933318181818184,15750
2.9399999999999999,5.2969529999999997e-05,2.2203318181818186,15975
2.96,5.7475649999999999e-05,2.2451745454545455,16188
