0,2.4719236363636359
16,2.4421272727272729
32,2.3841881818181814
48,2.3023454545454545
64,2.2166036363636361
80,2.1093818181818182
96,1.9876436363636365
112,1.8499790909090905
128,1.7050727272727277
144,1.5368136363636362
160,1.3616818181818182
176,1.1858727272727274
192,1.0096018181818183
208,0.83210663636363646
224,0.66203645454545457
240,0.51234281818181815
242,0.49936200000000014
244,0.48635054545454537
246,0.47272536363636369
248,0.45971372727272719
250,0.44891172727272721
252,0.43949063636363639
254,0.42865800000000004
