0,2.2646636363636365
16,2.2689799999999996
32,2.2701063636363639
48,2.2689499999999998
64,2.2670645454545455
80,2.2560272727272728
96,2.2241945454545453
112,2.1545663636363632
128,2.1624109090909092
144,2.0549299999999997
160,1.9163136363636364
176,1.7232118181818179
192,1.5001899999999999
208,1.2234745454545453
224,0.94457081818181809
240,0.66679109090909094
242,0.63477472727272732
244,0.60506899999999997
246,0.57831263636363639
248,0.55465772727272722
250,0.53422545454545445
252,0.51540472727272724
254,0.49974618181818187
