0,2.2856118181818177
16,2.2641463636363639
32,2.2197536363636363
48,2.151739090909091
64,2.0697054545454545
80,1.9662072727272728
96,1.8432818181818178
112,1.7091954545454546
128,1.5655909090909093
144,1.4090672727272728
160,1.2500190909090909
176,1.090149090909091
192,0.92830409090909105
208,0.76889081818181826
224,0.60944727272727273
240,0.47472290909090908
242,0.4619224545454545
244,0.44942590909090913
246,0.43896663636363636
248,0.42747354545454552
250,0.41819999999999991
252,0.40941309090909089
254,0.39953127272727273
