0,2.4371227272727274
16,2.3920754545454543
32,2.3281836363636366
48,2.248949090909091
64,2.1635145454545457
80,2.0602190909090914
96,1.9412118181818181
112,1.8060036363636365
128,1.6655790909090908
144,1.5029354545454545
160,1.3348909090909091
176,1.1664163636363636
192,0.99438199999999999
208,0.82133536363636384
224,0.65442590909090914
240,0.51283390909090909
242,0.49930063636363647
244,0.48693345454545445
246,0.47591672727272721
248,0.46474654545454541
250,0.4544353636363635
252,0.4448917272727273
254,0.43642190909090905
