0,2.4514845454545453
16,2.4253090909090909
32,2.3791254545454548
48,2.3187309090909092
64,2.2514636363636362
80,2.1679027272727267
96,2.065989090909091
112,1.9461854545454544
128,1.8228836363636363
144,1.6487009090909091
160,1.4615063636363634
176,1.2721354545454546
192,1.0822709090909091
208,0.89191636363636384
224,0.70644118181818183
240,0.54809381818181824
242,0.53281154545454534
244,0.51844963636363639
246,0.50497800000000004
248,0.49211972727272718
250,0.48088809090909079
252,0.46984063636363638
254,0.46014345454545452
