0,2.3265454545454549
16,2.3238300000000001
32,2.3249881818181817
48,2.3194981818181812
64,2.3120590909090906
80,2.2890600000000001
96,2.2465463636363632
112,2.1645363636363637
128,2.1705400000000008
144,2.0607454545454544
160,1.9227363636363641
176,1.7338581818181817
192,1.5155172727272728
208,1.238341818181818
224,0.95784272727272746
240,0.68069872727272729
242,0.648217181818182
244,0.61884672727272738
246,0.59234327272727272
248,0.56870681818181823
250,0.54628981818181821
252,0.52561172727272731
254,0.51121627272727277
