0,2.4102418181818179
16,2.3528254545454543
32,2.2809545454545455
48,2.1938036363636364
64,2.0985490909090907
80,1.984451818181818
96,1.8623781818181819
112,1.7266454545454544
128,1.5799909090909094
144,1.4278118181818182
160,1.2716145454545453
176,1.1117918181818183
192,0.94963963636363635
208,0.78874509090909084
224,0.63297536363636364
240,0.50325936363636359
242,0.49162863636363646
244,0.47996754545454545
246,0.46901209090909096
248,0.458701090909091
250,0.44891172727272721
252,0.4324019999999999
254,0.43135854545454549
