0,2.4155509090909089
16,2.3852009090909094
32,2.3431281818181819
48,2.2786836363636365
64,2.2105572727272724
80,2.1196000000000002
96,2.0119790909090907
112,1.8864354545454547
128,1.7577345454545457
144,1.5847790909090911
160,1.4028336363636364
176,1.2207945454545455
192,1.0358409090909091
208,0.85463118181818165
224,0.6769811818181819
240,0.52695000000000003
242,0.51292581818181826
244,0.491813
246,0.47886281818181814
248,0.46674118181818186
250,0.45572445454545463
252,0.44455418181818179
254,0.43540936363636362
