0,2.4596400000000003
16,2.4353290909090908
32,2.3928418181818185
48,2.330300909090909
64,2.260469090909091
80,2.1668381818181821
96,2.0582236363636359
112,1.9338999999999997
128,1.8111272727272729
144,1.6344727272727271
160,1.4470000000000001
176,1.2591627272727273
192,1.0679218181818182
208,0.88132927272727279
224,0.69798927272727262
240,0.54479572727272729
242,0.52893227272727272
244,0.51486209090909096
246,0.50106518181818172
248,0.48793690909090909
250,0.47578109090909099
252,0.4644459090909091
254,0.45402227272727269
