2,3.162D-11,0.5357438,0x048e
2.05,6.201D-13,0.5820857,0x0637
2.1,-2.107D-12,0.5820857,0x0913
2.15,1.705D-10,0.8169752,0x0b55
2.2,-2.063D-10,0.8169752,0x0e53
2.25,-1.220D-09,1.0855944,0x1133
2.3,-7.199D-09,1.2118611,0x1422
2.35,-3.972D-08,1.2118611,0x15c9
2.4,-0.0000002,1.4537389,0x19b1
2.45,-0.0000007,1.56218,0x1c15
2.5,-0.0000019,1.6629267,0x1e67
2.55,-0.0000043,1.7603056,0x1f41
2.6,-0.0000115,1.85939,0x1f41
2.65,2.378D-12,1.3132344,0x0481
2.7,-0.0000254,2.0213778,0x163e
2.75,-0.0000343,2.0860656,0x163e
2.8,-0.0000371,2.0860656,0x28e2
2.85,-0.0000472,2.2301956,0x2a9f
2.9,-0.0000580,2.28412,0x2c20
2.95,-0.0000696,2.28412,0x2d81
3,-0.0000696,2.3991789,0x2d9c
3.1,-0.0001050,2.4764411,0x38e8
