2,-3.751D-12,0.4840022,0x0497
2.05,-4.803D-12,0.3131701,0x0510
2.1,-2.912D-12,0.6077531,0x06ef
2.15,-1.791D-11,0.4645483,0x08d6
2.2,-7.088D-11,0.8651663,0x0b5a
2.25,-4.593D-10,1.0002337,0x0118
2.3,-2.773D-09,1.1270167,0x10fd
2.35,-1.601D-08,1.2512478,0x13cd
2.4,-8.479D-08,1.3872433,0x14c0
2.45,-0.0000004,1.5018211,0x18e4
2.5,-0.0000011,1.6111833,0x1b21
2.55,-0.0000029,1.71304,0x1d21
2.6,-0.0000059,1.8079422,0x1f1d
2.65,-0.0000104,1.8885322,0x1f1d
2.7,-0.0000165,1.7625244,0x22ad
2.75,-0.0000238,2.04313,0x243c
2.8,-0.0000324,2.04313,0x0a01
2.85,-0.0000478,2.1875144,0x25ca
2.9,-0.0000527,2.2521289,0x287d
2.95,-0.0000640,2.3189578,0x29d4
3,-0.0000760,2.3765089,0x2b30
3.05,-0.0000883,2.25949,0x2cb8
3.1,-0.0001004,2.4666389,0x2f85
3.15,-0.0001196,2.24266,0x2f85
