283.000000000000000 288.000000000000000 0.000000000000000 
310.000000000000000 352.000000000000000 0.000000000000000 
344.000000000000000 352.000000000000000 0.000000000000000 
374.000000000000000 352.000000000000000 0.000000000000000 
408.000000000000000 352.000000000000000 0.000000000000000 
446.000000000000000 304.000000000000000 0.000000000000000 
446.000000000000000 833.000000000000000 1.000000000000000 
446.000000000000000 834.000000000000000 1.000000000000000 
446.000000000000000 835.000000000000000 1.000000000000000 
446.000000000000000 836.000000000000000 1.000000000000000 
446.000000000000000 837.000000000000000 1.000000000000000 
446.000000000000000 838.000000000000000 1.000000000000000 
446.000000000000000 839.000000000000000 1.000000000000000 
446.000000000000000 840.000000000000000 1.000000000000000 
446.000000000000000 841.000000000000000 1.000000000000000 
446.000000000000000 842.000000000000000 1.000000000000000 
446.000000000000000 843.000000000000000 1.000000000000000 
446.000000000000000 844.000000000000000 1.000000000000000 
446.000000000000000 845.000000000000000 1.000000000000000 
446.000000000000000 958.000000000000000 0.000000000000000 
284.000000000000000 144.000000000000000 0.000000000000000 
455.000000000000000 46.000000000000000 0.000000000000000 
454.000000000000000 46.000000000000000 0.000000000000000 
452.000000000000000 46.000000000000000 0.000000000000000 
451.000000000000000 46.000000000000000 0.000000000000000 
453.000000000000000 414.000000000000000 0.000000000000000 
453.000000000000000 430.000000000000000 0.000000000000000 
453.000000000000000 30.000000000000000 0.000000000000000 
450.000000000000000 30.000000000000000 0.000000000000000 
